  44.169098  23.249846    -15.086     0.006    -0.527     0.000    -0.000     1.000     0.006     0.000
  43.394969  22.822312    -21.638     0.012    -0.755     0.000    -0.000     1.000     0.012     0.000
  43.904017  22.797879    -17.442     0.016    -0.609     0.000    -0.000     1.000     0.016     0.000
  44.412877  22.771832     -8.208     0.012    -0.287     0.000    -0.000     1.000     0.012     0.000
  42.113919  22.411543    -23.196     0.008    -0.810     0.000    -0.000     1.000     0.009     0.000
  42.622774  22.391533    -23.175     0.015    -0.809     0.000    -0.000     1.000     0.016     0.000
  43.131478  22.369931    -22.803     0.018    -0.796     0.000    -0.000     1.000     0.019     0.000
  43.640017  22.346741    -17.071     0.012    -0.596     0.000    -0.000     1.000     0.013     0.000
  44.148382  22.321963      6.233     0.009     0.218     0.000     0.000     1.000     0.009     0.000
  40.835380  21.990685    -23.564     0.006    -0.823     0.000    -0.000     1.000     0.006     0.000
  41.343972  21.974962    -23.393     0.012    -0.817     0.000    -0.000     1.000     0.012     0.000
  41.852446  21.957672    -23.233     0.017    -0.811     0.000    -0.000     1.000     0.017     0.000
  42.360790  21.938817    -23.165     0.015    -0.809     0.000    -0.000     1.000     0.016     0.000
  42.868995  21.918400    -23.095     0.009    -0.806     0.000    -0.000     1.000     0.009     0.000
  43.377047  21.896422     -9.275     0.004    -0.324     0.000    -0.000     1.000     0.004     0.000
  43.884938  21.872886     19.284     0.007     0.673     0.000     0.000     1.000     0.008     0.000
  44.392655  21.847794     21.549     0.003     0.752     0.000     0.000     1.000     0.003     0.000
  40.067648  21.548664    -23.794     0.005    -0.831     0.000    -0.000     1.000     0.005     0.000
  40.575828  21.535547    -23.695     0.013    -0.827     0.000    -0.000     1.000     0.014     0.000
  41.083910  21.520892    -23.516     0.017    -0.821     0.000    -0.000     1.000     0.018     0.000
  41.591885  21.504700    -23.344     0.012    -0.815     0.000    -0.000     1.000     0.012     0.000
  42.099741  21.486972    -23.215     0.006    -0.810     0.000    -0.000     1.000     0.007     0.000
  43.622494  21.424592     23.088     0.007     0.806     0.000     0.000     1.000     0.007     0.000
  44.129771  21.400740     25.908     0.003     0.904     0.000     0.000     1.000     0.003     0.000
  40.317089  21.081358    -23.777     0.008    -0.830     0.000    -0.000     1.000     0.008     0.000
  40.824686  21.067742    -23.633     0.007    -0.825     0.000    -0.000     1.000     0.008     0.000
  43.361001  20.977071     22.273     0.007     0.777     0.000     0.000     1.000     0.007     0.000
  43.867858  20.954431     23.369     0.004     0.816     0.000     0.000     1.000     0.004     0.000
  43.100410  20.530313     21.706     0.006     0.758     0.000     0.000     1.000     0.007     0.000
  43.606868  20.508856     21.936     0.005     0.766     0.000     0.000     1.000     0.005     0.000
  42.840674  20.084311     21.577     0.005     0.753     0.000     0.000     1.000     0.006     0.000
  43.346753  20.064007     21.682     0.006     0.757     0.000     0.000     1.000     0.006     0.000
  42.581746  19.639054     21.523     0.004     0.751     0.000     0.000     1.000     0.004     0.000
  43.087468  19.619875     21.623     0.007     0.755     0.000     0.000     1.000     0.007     0.000
  42.323581  19.194532     21.458     0.003     0.749     0.000     0.000     1.000     0.003     0.000
  42.828966  19.176448     21.557     0.007     0.752     0.000     0.000     1.000     0.007     0.000
  42.066134  18.750735     21.404     0.002     0.747     0.000     0.000     1.000     0.002     0.000
  42.571202  18.733718     21.476     0.007     0.750     0.000     0.000     1.000     0.007     0.000
  43.076165  18.715347     21.532     0.002     0.752     0.000     0.000     1.000     0.002     0.000
  42.314134  18.291673     21.408     0.005     0.747     0.000     0.000     1.000     0.005     0.000
  42.818809  18.274368     21.479     0.002     0.750     0.000     0.000     1.000     0.003     0.000
  51.877978  17.738733    -38.231     0.002    -1.334     0.000    -0.000     1.000     0.002     0.000
  52.379428  17.696696     24.119     0.002     0.842     0.000     0.000     1.000     0.002     0.000
  52.880640  17.653388     27.245     0.002     0.951     0.000     0.000     1.000     0.002     0.000
  49.108145  17.505474     75.832     0.004     2.647    -0.000     0.000     1.000     0.004     0.000
  49.610573  17.471274    -85.891     0.010    -2.998    -0.000    -0.000     1.000     0.010     0.000
  50.112810  17.435813    -73.495     0.029    -2.565    -0.000    -0.000     1.000     0.030     0.001
  50.614848  17.399095    -72.088     0.022    -2.516    -0.000    -0.000     1.000     0.023     0.001
  51.116680  17.361121    -66.047     0.015    -2.305    -0.000    -0.000     1.000     0.015     0.000
  51.618302  17.321896    -46.151     0.014    -1.611    -0.000    -0.000     1.000     0.015     0.000
  52.119706  17.281424    -27.665     0.015    -0.966     0.000    -0.000     1.000     0.016     0.000
  52.620886  17.239707     -0.918     0.003    -0.032     0.000    -0.000     1.000     0.004     0.000
  53.121836  17.196750     -0.231     0.006    -0.008     0.000    -0.000     1.000     0.007     0.000
  53.622551  17.152556     -1.029     0.007    -0.036     0.000    -0.000     1.000     0.007     0.000
  47.844585  17.143362     61.388     0.003     2.143    -0.000     0.000     1.000     0.003     0.000
  48.347251  17.113043     69.422     0.006     2.423    -0.000     0.000     1.000     0.007     0.000
  48.849751  17.081483     73.782     0.011     2.575    -0.000     0.000     1.000     0.012     0.000
  49.352078  17.048687    -79.897     0.007    -2.789    -0.000    -0.000     1.000     0.008     0.000
  49.854224  17.014657    -66.779     0.018    -2.331    -0.000    -0.000     1.000     0.019     0.000
  50.356185  16.979396    -67.197     0.028    -2.346    -0.000    -0.000     1.000     0.029     0.001
  50.857954  16.942908    -60.387     0.036    -2.108    -0.000    -0.000     1.000     0.038     0.001
  51.359526  16.905195    -47.678     0.049    -1.664    -0.000    -0.000     1.000     0.051     0.001
  51.860893  16.866260    -34.911     0.042    -1.219     0.000    -0.000     1.000     0.044     0.001
  52.362050  16.826108    -21.015     0.021    -0.734     0.000    -0.000     1.000     0.022     0.001
  52.862992  16.784742    -10.248     0.012    -0.358     0.000    -0.000     1.000     0.013     0.000
  53.363713  16.742166     -1.754     0.012    -0.061     0.000    -0.000     1.000     0.013     0.000
  53.864206  16.698383     -0.846     0.004    -0.030     0.000    -0.000     1.000     0.004     0.000
  46.581659  16.771309     43.854     0.002     1.531     0.000     0.000     1.000     0.002     0.000
  47.084506  16.744743     55.759     0.004     1.946    -0.000     0.000     1.000     0.004     0.000
  47.587210  16.716959     66.378     0.010     2.317    -0.000     0.000     1.000     0.010     0.000
  48.089764  16.687961     71.847     0.013     2.508    -0.000     0.000     1.000     0.014     0.000
  48.592162  16.657751     87.136     0.009     3.042    -0.000     0.000     1.000     0.010     0.000
  49.094399  16.626331    -51.610     0.012    -1.802    -0.000    -0.000     1.000     0.012     0.000
  49.596468  16.593705    -37.489     0.017    -1.309     0.000    -0.000     1.000     0.018     0.000
  50.098364  16.559875    -36.991     0.016    -1.291     0.000    -0.000     1.000     0.016     0.000
  50.600080  16.524844    -33.821     0.033    -1.181     0.000    -0.000     1.000     0.034     0.001
  51.101611  16.488616    -32.448     0.081    -1.133     0.000    -0.000     1.000     0.085     0.002
  51.602952  16.451194    -25.824     0.099    -0.901     0.000    -0.000     1.000     0.103     0.003
  52.104096  16.412580    -20.510     0.073    -0.716     0.000    -0.000     1.000     0.077     0.002
  52.605038  16.372779    -17.425     0.030    -0.608     0.000    -0.000     1.000     0.031     0.001
  53.105772  16.331794     -4.615     0.011    -0.161     0.000    -0.000     1.000     0.012     0.000
  53.606294  16.289628     -0.963     0.008    -0.034     0.000    -0.000     1.000     0.009     0.000
  44.816328  16.411535     -2.764     0.005    -0.096     0.000    -0.000     1.000     0.005     0.000
  45.319420  16.389787      7.951     0.004     0.278     0.000     0.000     1.000     0.004     0.000
  45.822396  16.366843     61.882     0.005     2.160    -0.000     0.000     1.000     0.005     0.000
  46.325251  16.342705     69.928     0.012     2.441    -0.000     0.000     1.000     0.013     0.000
  46.827978  16.317376     72.374     0.021     2.526    -0.000     0.000     1.000     0.022     0.001
  47.330572  16.290858     76.984     0.023     2.687    -0.000     0.000     1.000     0.024     0.001
  47.833028  16.263153     83.889     0.024     2.928    -0.000     0.000     1.000     0.025     0.001
  48.335338  16.234264     87.260     0.031     3.046    -0.000     0.000     1.000     0.033     0.001
  48.837498  16.204194     79.611     0.042     2.779    -0.000     0.000     1.000     0.044     0.001
  49.339502  16.172944    -85.910     0.026    -2.999    -0.000    -0.000     1.000     0.027     0.001
  49.841344  16.140518    -37.723     0.032    -1.317     0.000    -0.000     1.000     0.034     0.001
  50.343019  16.106919    -30.329     0.084    -1.059     0.000    -0.000     1.000     0.088     0.002
  50.844521  16.072149    -26.988     0.098    -0.942     0.000    -0.000     1.000     0.103     0.003
  51.345845  16.036212    -26.107     0.101    -0.911     0.000    -0.000     1.000     0.106     0.003
  51.846985  15.999111    -29.187     0.073    -1.019     0.000    -0.000     1.000     0.077     0.002
  52.347936  15.960848    -30.243     0.025    -1.056     0.000    -0.000     1.000     0.027     0.001
  52.848693  15.921429    -12.762     0.005    -0.445     0.000    -0.000     1.000     0.005     0.000
  53.349250  15.880855     -0.155     0.011    -0.005     0.000    -0.000     1.000     0.012     0.000
  53.849603  15.839131     -0.105     0.005    -0.004     0.000    -0.000     1.000     0.005     0.000
  42.548170  16.050616     27.156     0.007     0.948     0.000     0.000     1.000     0.007     0.000
  43.051498  16.034676     -4.079     0.010    -0.142     0.000    -0.000     1.000     0.011     0.000
  43.554742  16.017563     -6.135     0.008    -0.214     0.000    -0.000     1.000     0.008     0.000
  44.057897  15.999277     73.587     0.007     2.569    -0.000     0.000     1.000     0.007     0.000
  44.560958  15.979821     80.201     0.015     2.800    -0.000     0.000     1.000     0.016     0.000
  45.063917  15.959196     79.982     0.025     2.792    -0.000     0.000     1.000     0.027     0.001
  45.566770  15.937404     79.090     0.047     2.761    -0.000     0.000     1.000     0.050     0.001
  46.069511  15.914447     80.297     0.060     2.803    -0.000     0.000     1.000     0.063     0.002
  46.572134  15.890328     82.868     0.064     2.893    -0.000     0.000     1.000     0.067     0.002
  47.074634  15.865047     84.564     0.071     2.952    -0.000     0.000     1.000     0.075     0.002
  47.577004  15.838608     84.916     0.083     2.964    -0.000     0.000     1.000     0.087     0.002
  48.079241  15.811013     82.025     0.093     2.863    -0.000     0.000     1.000     0.098     0.002
  48.581337  15.782264     73.544     0.093     2.567    -0.000     0.000     1.000     0.097     0.002
  49.083289  15.752363     -7.803     0.019    -0.272     0.000    -0.000     1.000     0.020     0.001
  49.585089  15.721314    -20.592     0.104    -0.719     0.000    -0.000     1.000     0.109     0.003
  50.086734  15.689119    -22.660     0.113    -0.791     0.000    -0.000     1.000     0.118     0.003
  50.588218  15.655781    -21.044     0.076    -0.735     0.000    -0.000     1.000     0.080     0.002
  51.089535  15.621303    -10.901     0.062    -0.381     0.000    -0.000     1.000     0.065     0.002
  51.590681  15.585687    -11.991     0.059    -0.419     0.000    -0.000     1.000     0.062     0.002
  52.091651  15.548938    -27.167     0.043    -0.948     0.000    -0.000     1.000     0.045     0.001
  52.592439  15.511058    -32.728     0.007    -1.142     0.000    -0.000     1.000     0.007     0.000
  53.093040  15.472050      0.977     0.006     0.034     0.000     0.000     1.000     0.006     0.000
  53.593450  15.431919      0.092     0.009     0.003     0.000     0.000     1.000     0.010     0.000
  41.790667  15.629047     44.638     0.009     1.558     0.000     0.000     1.000     0.010     0.000
  42.293919  15.615232     43.973     0.020     1.535     0.000     0.000     1.000     0.021     0.001
  42.797101  15.600271     36.407     0.009     1.271     0.000     0.000     1.000     0.009     0.000
  43.300207  15.584165     84.058     0.008     2.934    -0.000     0.000     1.000     0.008     0.000
  43.803231  15.566917     77.906     0.074     2.719    -0.000     0.000     1.000     0.077     0.002
  44.306168  15.548527     80.012     0.127     2.793    -0.000     0.000     1.000     0.133     0.003
  44.809012  15.528997     84.350     0.139     2.944    -0.000     0.000     1.000     0.145     0.004
  45.311758  15.508329     85.783     0.132     2.994    -0.000     0.000     1.000     0.138     0.003
  45.814401  15.486525     86.650     0.122     3.025    -0.000     0.000     1.000     0.128     0.003
  46.316935  15.463586     86.689     0.118     3.026    -0.000     0.000     1.000     0.123     0.003
  46.819355  15.439515     87.059     0.110     3.039    -0.000     0.000     1.000     0.116     0.003
  47.321656  15.414314     88.324     0.097     3.083    -0.000     0.000     1.000     0.101     0.002
  47.823832  15.387985     80.708     0.097     2.817    -0.000     0.000     1.000     0.101     0.002
  48.325879  15.360529     77.417     0.095     2.702    -0.000     0.000     1.000     0.099     0.002
  48.827790  15.331951    -88.737     0.041    -3.098    -0.000    -0.000     1.000     0.043     0.001
  49.329562  15.302251    -25.249     0.075    -0.881     0.000    -0.000     1.000     0.079     0.002
  49.831189  15.271434    -17.800     0.075    -0.621     0.000    -0.000     1.000     0.079     0.002
  50.332665  15.239501    -13.461     0.055    -0.470     0.000    -0.000     1.000     0.058     0.001
  50.833987  15.206455     -4.782     0.041    -0.167     0.000    -0.000     1.000     0.043     0.001
  51.335149  15.172299      1.110     0.026     0.039     0.000     0.000     1.000     0.027     0.001
  51.836146  15.137036    -23.581     0.023    -0.823     0.000    -0.000     1.000     0.024     0.001
  52.336974  15.100669    -33.299     0.026    -1.162     0.000    -0.000     1.000     0.027     0.001
  52.837628  15.063202    -29.070     0.007    -1.015     0.000    -0.000     1.000     0.007     0.000
  53.338103  15.024637     -1.382     0.011    -0.048     0.000    -0.000     1.000     0.011     0.000
  53.838395  14.984978      0.634     0.006     0.022     0.000     0.000     1.000     0.006     0.000
  38.517257  15.247135    -67.206     0.004    -2.346    -0.000    -0.000     1.000     0.004     0.000
  39.020649  15.240959    -70.364     0.007    -2.456    -0.000    -0.000     1.000     0.007     0.000
  39.524009  15.233661     78.249     0.003     2.731    -0.000     0.000     1.000     0.004     0.000
  40.027332  15.225242     63.467     0.002     2.215    -0.000     0.000     1.000     0.002     0.000
  40.530611  15.215703      3.140     0.002     0.110     0.000     0.000     1.000     0.003     0.000
  41.033842  15.205044     13.793     0.005     0.481     0.000     0.000     1.000     0.005     0.000
  41.537020  15.193267     33.495     0.012     1.169     0.000     0.000     1.000     0.012     0.000
  42.040139  15.180372     40.977     0.031     1.430     0.000     0.000     1.000     0.032     0.001
  42.543193  15.166361     66.485     0.010     2.321    -0.000     0.000     1.000     0.011     0.000
  43.046179  15.151235    -83.850     0.020    -2.927    -0.000    -0.000     1.000     0.021     0.001
  43.549089  15.134995     66.268     0.077     2.313    -0.000     0.000     1.000     0.080     0.002
  44.051920  15.117642     63.218     0.123     2.207    -0.000     0.000     1.000     0.129     0.003
  44.554666  15.099179     80.516     0.108     2.811    -0.000     0.000     1.000     0.113     0.003
  45.057323  15.079606     86.937     0.111     3.035    -0.000     0.000     1.000     0.116     0.003
  45.559883  15.058926     87.597     0.112     3.058    -0.000     0.000     1.000     0.117     0.003
  46.062344  15.037140     89.101     0.106     3.110    -0.000     0.000     1.000     0.111     0.003
  46.564700  15.014251    -88.870     0.099    -3.102    -0.000    -0.000     1.000     0.104     0.003
  47.066945  14.990259     87.030     0.106     3.038    -0.000     0.000     1.000     0.111     0.003
  47.569075  14.965168     79.960     0.123     2.791    -0.000     0.000     1.000     0.129     0.003
  48.071085  14.938979     82.804     0.118     2.890    -0.000     0.000     1.000     0.123     0.003
  48.572970  14.911695     88.015     0.096     3.072    -0.000     0.000     1.000     0.101     0.002
  49.074725  14.883318    -69.183     0.042    -2.415    -0.000    -0.000     1.000     0.044     0.001
  49.576346  14.853851    -23.893     0.028    -0.834     0.000    -0.000     1.000     0.029     0.001
  50.077827  14.823296    -13.245     0.018    -0.462     0.000    -0.000     1.000     0.019     0.000
  50.579164  14.791655     -3.253     0.009    -0.114     0.000    -0.000     1.000     0.009     0.000
  51.080352  14.758932      8.300     0.005     0.290     0.000     0.000     1.000     0.005     0.000
  51.581388  14.725129    -26.737     0.004    -0.933     0.000    -0.000     1.000     0.004     0.000
  52.082265  14.690250    -32.982     0.018    -1.151     0.000    -0.000     1.000     0.018     0.000
  52.582980  14.654297    -33.494     0.026    -1.169     0.000    -0.000     1.000     0.027     0.001
  53.083528  14.617273    -21.225     0.012    -0.741     0.000    -0.000     1.000     0.012     0.000
  53.583906  14.579181     -3.212     0.011    -0.112     0.000    -0.000     1.000     0.011     0.000
  38.768069  14.801711    -40.274     0.001    -1.406     0.000    -0.000     1.000     0.001     0.000
  39.271288  14.795156     23.158     0.015     0.808     0.000     0.000     1.000     0.015     0.000
  39.774475  14.787509     41.318     0.013     1.442     0.000     0.000     1.000     0.014     0.000
  40.277623  14.778772     42.402     0.004     1.480     0.000     0.000     1.000     0.004     0.000
  40.780728  14.768946     -5.007     0.004    -0.175     0.000    -0.000     1.000     0.004     0.000
  41.283786  14.758030     15.702     0.022     0.548     0.000     0.000     1.000     0.023     0.001
  41.786790  14.746026     28.123     0.043     0.982     0.000     0.000     1.000     0.045     0.001
  42.289736  14.732936      2.465     0.013     0.086     0.000     0.000     1.000     0.013     0.000
  42.792620  14.718760    -27.164     0.014    -0.948     0.000    -0.000     1.000     0.015     0.000
  43.295435  14.703499     45.973     0.044     1.605    -0.000     0.000     1.000     0.046     0.001
  43.798178  14.687156     45.866     0.119     1.601    -0.000     0.000     1.000     0.125     0.003
  44.300843  14.669730     53.861     0.057     1.880    -0.000     0.000     1.000     0.060     0.001
  44.803425  14.651224     86.514     0.061     3.020    -0.000     0.000     1.000     0.064     0.002
  45.305921  14.631640    -88.959     0.056    -3.105    -0.000    -0.000     1.000     0.059     0.001
  45.808324  14.610979    -88.479     0.048    -3.089    -0.000    -0.000     1.000     0.050     0.001
  46.310630  14.589242     88.453     0.044     3.088    -0.000     0.000     1.000     0.046     0.001
  46.812835  14.566433     72.272     0.062     2.523    -0.000     0.000     1.000     0.065     0.002
  47.314933  14.542552     69.974     0.059     2.443    -0.000     0.000     1.000     0.061     0.002
  47.816920  14.517602     78.190     0.036     2.729    -0.000     0.000     1.000     0.037     0.001
  48.318792  14.491585    -82.637     0.022    -2.885    -0.000    -0.000     1.000     0.023     0.001
  48.820543  14.464503    -65.948     0.019    -2.302    -0.000    -0.000     1.000     0.020     0.000
  49.322170  14.436358    -55.649     0.009    -1.943    -0.000    -0.000     1.000     0.010     0.000
  49.823667  14.407154    -15.954     0.003    -0.557     0.000    -0.000     1.000     0.003     0.000
  50.325031  14.376892     34.961     0.001     1.220     0.000     0.000     1.000     0.002     0.000
  50.826257  14.345575     55.853     0.002     1.950    -0.000     0.000     1.000     0.002     0.000
  51.327340  14.313206     72.852     0.001     2.543    -0.000     0.000     1.000     0.001     0.000
  51.828276  14.279788    -41.121     0.003    -1.435     0.000    -0.000     1.000     0.004     0.000
  52.329062  14.245323    -33.010     0.017    -1.152     0.000    -0.000     1.000     0.017     0.000
  52.829692  14.209814    -31.725     0.026    -1.107     0.000    -0.000     1.000     0.028     0.001
  53.330163  14.173264    -17.956     0.018    -0.627     0.000    -0.000     1.000     0.019     0.000
  53.830470  14.135678     -8.360     0.006    -0.292     0.000    -0.000     1.000     0.007     0.000
  39.018862  14.357302     14.429     0.006     0.504     0.000     0.000     1.000     0.007     0.000
  39.521933  14.350398     30.742     0.012     1.073     0.000     0.000     1.000     0.012     0.000
  40.024970  14.342434     47.346     0.016     1.653    -0.000     0.000     1.000     0.017     0.000
  40.527970  14.333409     -0.826     0.015    -0.029     0.000    -0.000     1.000     0.016     0.000
  41.030927  14.323326     13.762     0.032     0.480     0.000     0.000     1.000     0.034     0.001
  41.533836  14.312184     18.068     0.049     0.631     0.000     0.000     1.000     0.051     0.001
  42.036693  14.299985     -9.325     0.036    -0.325     0.000    -0.000     1.000     0.038     0.001
  42.539493  14.286730    -15.310     0.042    -0.534     0.000    -0.000     1.000     0.044     0.001
  43.042231  14.272420     12.505     0.059     0.437     0.000     0.000     1.000     0.062     0.002
  43.544903  14.257056     24.304     0.088     0.848     0.000     0.000     1.000     0.092     0.002
  44.047504  14.240639      3.623     0.052     0.126     0.000     0.000     1.000     0.054     0.001
  44.550030  14.223172     -7.365     0.031    -0.257     0.000    -0.000     1.000     0.032     0.001
  45.052476  14.204655     -8.320     0.007    -0.290     0.000    -0.000     1.000     0.007     0.000
  45.554837  14.185090     63.196     0.004     2.206    -0.000     0.000     1.000     0.004     0.000
  46.057110  14.164479     60.241     0.027     2.103    -0.000     0.000     1.000     0.028     0.001
  46.559288  14.142823     55.447     0.044     1.935    -0.000     0.000     1.000     0.046     0.001
  47.061369  14.120124     54.276     0.023     1.895    -0.000     0.000     1.000     0.024     0.001
  47.563348  14.096385     -0.941     0.003    -0.033     0.000    -0.000     1.000     0.003     0.000
  48.065220  14.071607    -28.198     0.012    -0.984     0.000    -0.000     1.000     0.013     0.000
  48.566980  14.045793    -31.036     0.009    -1.083     0.000    -0.000     1.000     0.009     0.000
  49.068626  14.018944    -36.339     0.004    -1.268     0.000    -0.000     1.000     0.004     0.000
  49.570151  13.991064    -47.045     0.000    -1.642    -0.000    -0.000     1.000     0.000     0.000
  50.071553  13.962153     53.521     0.001     1.868    -0.000     0.000     1.000     0.001     0.000
  50.572827  13.932216     54.389     0.001     1.899    -0.000     0.000     1.000     0.001     0.000
  51.073969  13.901254     47.416     0.001     1.655    -0.000     0.000     1.000     0.001     0.000
  51.574974  13.869270     45.186     0.001     1.577    -0.000     0.000     1.000     0.001     0.000
  52.075839  13.836267    -32.716     0.002    -1.142     0.000    -0.000     1.000     0.002     0.000
  52.576560  13.802247    -31.834     0.016    -1.111     0.000    -0.000     1.000     0.016     0.000
  53.077133  13.767214    -28.285     0.028    -0.987     0.000    -0.000     1.000     0.029     0.001
  53.577553  13.731170    -19.991     0.019    -0.698     0.000    -0.000     1.000     0.020     0.000
  54.077818  13.694119    -21.068     0.003    -0.735     0.000    -0.000     1.000     0.004     0.000
  37.257633  13.932475     38.541     0.002     1.345     0.000     0.000     1.000     0.002     0.000
  38.766693  13.920090     44.862     0.008     1.566     0.000     0.000     1.000     0.009     0.000
  39.269670  13.913898     58.499     0.018     2.042    -0.000     0.000     1.000     0.019     0.000
  39.772617  13.906677     88.128     0.040     3.076    -0.000     0.000     1.000     0.042     0.001
  40.275531  13.898425    -84.817     0.026    -2.961    -0.000    -0.000     1.000     0.027     0.001
  40.778407  13.889144     43.700     0.028     1.525     0.000     0.000     1.000     0.029     0.001
  41.281240  13.878835     26.368     0.032     0.920     0.000     0.000     1.000     0.034     0.001
  41.784026  13.867498    -21.068     0.019    -0.735     0.000    -0.000     1.000     0.020     0.000
  42.286761  13.855134    -28.369     0.033    -0.990     0.000    -0.000     1.000     0.035     0.001
  42.789441  13.841746     17.396     0.043     0.607     0.000     0.000     1.000     0.045     0.001
  43.292060  13.827332     32.749     0.042     1.143     0.000     0.000     1.000     0.044     0.001
  43.794614  13.811896    -41.151     0.035    -1.436     0.000    -0.000     1.000     0.036     0.001
  44.297100  13.795438      7.771     0.008     0.271     0.000     0.000     1.000     0.008     0.000
  44.799513  13.777960     45.881     0.017     1.602    -0.000     0.000     1.000     0.018     0.000
  45.301849  13.759462     57.073     0.033     1.992    -0.000     0.000     1.000     0.034     0.001
  45.804103  13.739948     54.564     0.036     1.905    -0.000     0.000     1.000     0.038     0.001
  46.306271  13.719417     47.867     0.027     1.671    -0.000     0.000     1.000     0.028     0.001
  46.808349  13.697873     23.738     0.007     0.829     0.000     0.000     1.000     0.007     0.000
  47.310333  13.675317    -21.531     0.011    -0.752     0.000    -0.000     1.000     0.012     0.000
  47.812218  13.651751    -25.146     0.009    -0.878     0.000    -0.000     1.000     0.010     0.000
  48.314002  13.627177    -23.756     0.006    -0.829     0.000    -0.000     1.000     0.006     0.000
  48.815678  13.601596    -19.749     0.003    -0.689     0.000    -0.000     1.000     0.003     0.000
  51.322325  13.458684     40.834     0.001     1.425     0.000     0.000     1.000     0.001     0.000
  51.823280  13.427117     41.041     0.001     1.433     0.000     0.000     1.000     0.001     0.000
  52.324101  13.394560    -20.210     0.002    -0.705     0.000    -0.000     1.000     0.002     0.000
  52.824784  13.361017    -28.362     0.015    -0.990     0.000    -0.000     1.000     0.015     0.000
  53.325326  13.326491    -23.877     0.030    -0.833     0.000    -0.000     1.000     0.031     0.001
  53.825723  13.290984    -26.790     0.017    -0.935     0.000    -0.000     1.000     0.018     0.000
  54.325972  13.254500    -34.922     0.003    -1.219     0.000    -0.000     1.000     0.003     0.000
  36.502966  13.495529     82.796     0.002     2.890    -0.000     0.000     1.000     0.002     0.000
  37.005928  13.494026     56.826     0.001     1.984    -0.000     0.000     1.000     0.001     0.000
  37.508882  13.491521     -0.338     0.004    -0.012     0.000    -0.000     1.000     0.004     0.000
  38.011823  13.488015    -17.111     0.007    -0.597     0.000    -0.000     1.000     0.008     0.000
  38.514747  13.483507     12.515     0.007     0.437     0.000     0.000     1.000     0.007     0.000
  39.017650  13.477999     54.793     0.042     1.913    -0.000     0.000     1.000     0.044     0.001
  39.520527  13.471490     79.790     0.069     2.785    -0.000     0.000     1.000     0.072     0.002
  40.023375  13.463981     81.879     0.102     2.858    -0.000     0.000     1.000     0.107     0.003
  40.526190  13.455473     75.688     0.071     2.642    -0.000     0.000     1.000     0.074     0.002
  41.028966  13.445967     74.506     0.038     2.601    -0.000     0.000     1.000     0.039     0.001
  41.531701  13.435463     77.510     0.034     2.706    -0.000     0.000     1.000     0.036     0.001
  42.034390  13.423962    -71.709     0.041    -2.503    -0.000    -0.000     1.000     0.042     0.001
  42.537028  13.411465     54.234     0.053     1.893    -0.000     0.000     1.000     0.055     0.001
  43.039612  13.397974     84.494     0.049     2.949    -0.000     0.000     1.000     0.051     0.001
  43.542137  13.383489    -64.869     0.102    -2.264    -0.000    -0.000     1.000     0.107     0.003
  44.044600  13.368011    -55.773     0.056    -1.947    -0.000    -0.000     1.000     0.059     0.001
  44.546997  13.351543    -86.481     0.010    -3.019    -0.000    -0.000     1.000     0.011     0.000
  45.049323  13.334084     59.470     0.024     2.076    -0.000     0.000     1.000     0.025     0.001
  45.551574  13.315638     48.248     0.030     1.684    -0.000     0.000     1.000     0.031     0.001
  46.053746  13.296205     39.070     0.013     1.364     0.000     0.000     1.000     0.013     0.000
  46.555837  13.275787    -14.491     0.007    -0.506     0.000    -0.000     1.000     0.007     0.000
  47.057840  13.254386    -27.503     0.007    -0.960     0.000    -0.000     1.000     0.008     0.000
  47.559753  13.232004    -28.693     0.005    -1.002     0.000    -0.000     1.000     0.005     0.000
  48.061572  13.208642    -26.066     0.002    -0.910     0.000    -0.000     1.000     0.003     0.000
  52.072281  12.986740     47.040     0.001     1.642    -0.000     0.000     1.000     0.001     0.000
  52.573084  12.954661    -20.023     0.002    -0.699     0.000    -0.000     1.000     0.002     0.000
  53.073756  12.921626    -23.442     0.015    -0.818     0.000    -0.000     1.000     0.015     0.000
  53.574293  12.887638    -22.344     0.027    -0.780     0.000    -0.000     1.000     0.028     0.001
  54.074693  12.852700    -33.103     0.013    -1.156     0.000    -0.000     1.000     0.013     0.000
  54.574952  12.816814    -40.382     0.002    -1.410     0.000    -0.000     1.000     0.002     0.000
  36.251450  13.057259    -67.119     0.007    -2.343    -0.000    -0.000     1.000     0.007     0.000
  36.754347  13.056287    -47.379     0.005    -1.654    -0.000    -0.000     1.000     0.005     0.000
  37.257238  13.054344    -27.191     0.016    -0.949     0.000    -0.000     1.000     0.017     0.000
  37.760120  13.051430    -32.892     0.031    -1.148     0.000    -0.000     1.000     0.032     0.001
  38.262987  13.047545    -26.869     0.023    -0.938     0.000    -0.000     1.000     0.024     0.001
  38.765837  13.042690      5.518     0.011     0.193     0.000     0.000     1.000     0.012     0.000
  39.268665  13.036864     73.028     0.087     2.549    -0.000     0.000     1.000     0.091     0.002
  39.771467  13.030068     75.026     0.152     2.619    -0.000     0.000     1.000     0.159     0.004
  40.274240  13.022304     74.666     0.132     2.606    -0.000     0.000     1.000     0.139     0.003
  40.776979  13.013570     66.646     0.134     2.326    -0.000     0.000     1.000     0.140     0.003
  41.279681  13.003869     77.877     0.072     2.718    -0.000     0.000     1.000     0.075     0.002
  41.782342  12.993202    -69.706     0.039    -2.433    -0.000    -0.000     1.000     0.041     0.001
  42.284958  12.981568     43.898     0.071     1.532     0.000     0.000     1.000     0.074     0.002
  42.787524  12.968969    -42.701     0.048    -1.491     0.000    -0.000     1.000     0.051     0.001
  43.290038  12.955406    -45.991     0.108    -1.605    -0.000    -0.000     1.000     0.113     0.003
  43.792495  12.940880    -46.021     0.077    -1.606    -0.000    -0.000     1.000     0.080     0.002
  44.294891  12.925393    -61.495     0.043    -2.147    -0.000    -0.000     1.000     0.045     0.001
  44.797224  12.908945    -76.744     0.040    -2.679    -0.000    -0.000     1.000     0.042     0.001
  45.299488  12.891539     57.970     0.018     2.024    -0.000     0.000     1.000     0.019     0.000
  45.801680  12.873175     22.332     0.004     0.780     0.000     0.000     1.000     0.004     0.000
  46.303798  12.853855    -25.530     0.005    -0.891     0.000    -0.000     1.000     0.006     0.000
  46.805835  12.833581    -30.905     0.005    -1.079     0.000    -0.000     1.000     0.005     0.000
  47.307790  12.812354    -32.336     0.003    -1.129     0.000    -0.000     1.000     0.003     0.000
  52.822811  12.516564    -22.564     0.002    -0.788     0.000    -0.000     1.000     0.002     0.000
  53.323498  12.484069    -23.575     0.011    -0.823     0.000    -0.000     1.000     0.011     0.000
  53.824057  12.450650    -27.679     0.010    -0.966     0.000    -0.000     1.000     0.010     0.000
  54.324485  12.416312    -35.701     0.003    -1.246     0.000    -0.000     1.000     0.003     0.000
  35.497146  12.619249    -71.674     0.006    -2.502    -0.000    -0.000     1.000     0.006     0.000
  36.000000  12.619720    -67.557     0.024    -2.358    -0.000    -0.000     1.000     0.025     0.001
  36.502854  12.619249    -53.086     0.028    -1.853    -0.000    -0.000     1.000     0.029     0.001
  37.005705  12.617838    -25.523     0.045    -0.891     0.000    -0.000     1.000     0.047     0.001
  37.508548  12.615486    -28.725     0.067    -1.003     0.000    -0.000     1.000     0.070     0.002
  38.011380  12.612193    -42.962     0.054    -1.500     0.000    -0.000     1.000     0.056     0.001
  38.514197  12.607960    -41.640     0.010    -1.454     0.000    -0.000     1.000     0.011     0.000
  39.016996  12.602787     73.221     0.061     2.556    -0.000     0.000     1.000     0.064     0.002
  39.519772  12.596675     74.840     0.166     2.612    -0.000     0.000     1.000     0.173     0.004
  40.022523  12.589624     76.153     0.158     2.658    -0.000     0.000     1.000     0.166     0.004
  40.525244  12.581634     63.979     0.193     2.233    -0.000     0.000     1.000     0.202     0.005
  41.027932  12.572707     84.058     0.070     2.934    -0.000     0.000     1.000     0.073     0.002
  41.530584  12.562843    -18.862     0.034    -0.658     0.000    -0.000     1.000     0.036     0.001
  42.033195  12.552042     12.736     0.073     0.445     0.000     0.000     1.000     0.077     0.002
  42.535762  12.540307    -30.345     0.104    -1.059     0.000    -0.000     1.000     0.109     0.003
  43.038281  12.527637    -37.731     0.076    -1.317     0.000    -0.000     1.000     0.080     0.002
  43.540749  12.514034    -30.179     0.027    -1.053     0.000    -0.000     1.000     0.028     0.001
  44.043163  12.499499    -14.784     0.005    -0.516     0.000    -0.000     1.000     0.005     0.000
  44.545518  12.484033    -75.728     0.014    -2.643    -0.000    -0.000     1.000     0.015     0.000
  45.047811  12.467638     87.917     0.009     3.069    -0.000     0.000     1.000     0.009     0.000
  45.550039  12.450314    -24.574     0.002    -0.858     0.000    -0.000     1.000     0.002     0.000
  46.052198  12.432064    -29.057     0.005    -1.014     0.000    -0.000     1.000     0.005     0.000
  46.554285  12.412889    -32.264     0.003    -1.126     0.000    -0.000     1.000     0.003     0.000
  53.073305  12.080262    -23.682     0.001    -0.827     0.000    -0.000     1.000     0.001     0.000
  53.574032  12.048338    -26.457     0.002    -0.924     0.000    -0.000     1.000     0.002     0.000
  35.245753  12.181992    -58.428     0.003    -2.040    -0.000    -0.000     1.000     0.003     0.000
  35.748584  12.182902    -64.427     0.027    -2.249    -0.000    -0.000     1.000     0.028     0.001
  36.251417  12.182902    -57.528     0.052    -2.008    -0.000    -0.000     1.000     0.054     0.001
  36.754248  12.181992    -36.092     0.055    -1.260     0.000    -0.000     1.000     0.058     0.001
  37.257073  12.180171    -28.020     0.063    -0.978     0.000    -0.000     1.000     0.066     0.002
  37.759890  12.177441    -37.275     0.054    -1.301     0.000    -0.000     1.000     0.056     0.001
  38.262695  12.173800     27.385     0.005     0.956     0.000     0.000     1.000     0.005     0.000
  38.765485  12.169251     52.709     0.029     1.840    -0.000     0.000     1.000     0.031     0.001
  39.268256  12.163791     72.248     0.086     2.522    -0.000     0.000     1.000     0.090     0.002
  39.771004  12.157424     80.897     0.139     2.824    -0.000     0.000     1.000     0.146     0.004
  40.273726  12.150148     75.176     0.116     2.624    -0.000     0.000     1.000     0.122     0.003
  40.776420  12.141964     88.110     0.115     3.076    -0.000     0.000     1.000     0.121     0.003
  41.279080  12.132874     83.025     0.025     2.898    -0.000     0.000     1.000     0.026     0.001
  41.781705  12.122878    -24.428     0.073    -0.853     0.000    -0.000     1.000     0.076     0.002
  42.284290  12.111976    -34.288     0.086    -1.197     0.000    -0.000     1.000     0.090     0.002
  42.786833  12.100170    -44.952     0.023    -1.569     0.000    -0.000     1.000     0.024     0.001
  43.289329  12.087461     54.310     0.013     1.896    -0.000     0.000     1.000     0.014     0.000
  43.791776  12.073849     42.658     0.011     1.489     0.000     0.000     1.000     0.011     0.000
  44.294170  12.059336     50.586     0.005     1.766    -0.000     0.000     1.000     0.006     0.000
  44.796509  12.043924    -45.652     0.002    -1.594    -0.000    -0.000     1.000     0.002     0.000
  45.298787  12.027612    -32.810     0.004    -1.145     0.000    -0.000     1.000     0.004     0.000
  45.801004  12.010404    -29.241     0.003    -1.021     0.000    -0.000     1.000     0.003     0.000
  34.994338  11.745477    -33.840     0.002    -1.181     0.000    -0.000     1.000     0.002     0.000
  35.497168  11.746796    -53.028     0.021    -1.851    -0.000    -0.000     1.000     0.022     0.001
  36.000000  11.747236    -57.314     0.057    -2.001    -0.000    -0.000     1.000     0.059     0.001
  36.502833  11.746796    -48.004     0.041    -1.676    -0.000    -0.000     1.000     0.043     0.001
  37.005662  11.745477    -28.137     0.055    -0.982     0.000    -0.000     1.000     0.058     0.001
  37.508485  11.743278    -22.374     0.075    -0.781     0.000    -0.000     1.000     0.079     0.002
  38.011299  11.740200    -11.539     0.050    -0.403     0.000    -0.000     1.000     0.052     0.001
  38.514099  11.736243     10.778     0.031     0.376     0.000     0.000     1.000     0.033     0.001
  39.016884  11.731407     30.700     0.029     1.072     0.000     0.000     1.000     0.031     0.001
  39.519649  11.725693     82.310     0.056     2.873    -0.000     0.000     1.000     0.059     0.001
  40.022392  11.719101     73.734     0.062     2.574    -0.000     0.000     1.000     0.065     0.002
  40.525109  11.711631    -79.881     0.066    -2.788    -0.000    -0.000     1.000     0.070     0.002
  41.027798  11.703285    -66.946     0.121    -2.337    -0.000    -0.000     1.000     0.127     0.003
  41.530454  11.694063    -48.563     0.173    -1.695    -0.000    -0.000     1.000     0.181     0.004
  42.033076  11.683966    -64.803     0.093    -2.262    -0.000    -0.000     1.000     0.098     0.002
  42.535659  11.672995     65.325     0.126     2.280    -0.000     0.000     1.000     0.132     0.003
  43.038201  11.661150     61.714     0.097     2.154    -0.000     0.000     1.000     0.102     0.003
  43.540698  11.648433     60.936     0.015     2.127    -0.000     0.000     1.000     0.016     0.000
  44.043148  11.634844     31.105     0.002     1.086     0.000     0.000     1.000     0.002     0.000
  44.545548  11.620385    -27.373     0.004    -0.955     0.000    -0.000     1.000     0.004     0.000
  45.047893  11.605057    -28.717     0.003    -1.002     0.000    -0.000     1.000     0.003     0.000
  34.742869  11.309695     88.069     0.000     3.074    -0.000     0.000     1.000     0.000     0.000
  35.245719  11.311393    -48.578     0.015    -1.696    -0.000    -0.000     1.000     0.016     0.000
  35.748573  11.312241    -61.898     0.041    -2.161    -0.000    -0.000     1.000     0.043     0.001
  36.251428  11.312241    -50.938     0.043    -1.778    -0.000    -0.000     1.000     0.045     0.001
  36.754282  11.311393    -31.718     0.081    -1.107     0.000    -0.000     1.000     0.085     0.002
  37.257131  11.309695    -18.679     0.073    -0.652     0.000    -0.000     1.000     0.076     0.002
  37.759973  11.307149     -2.413     0.074    -0.084     0.000    -0.000     1.000     0.078     0.002
  38.262805  11.303754      1.394     0.073     0.049     0.000     0.000     1.000     0.076     0.002
  38.765623  11.299511      1.476     0.077     0.052     0.000     0.000     1.000     0.081     0.002
  39.268425  11.294420     -5.081     0.037    -0.177     0.000    -0.000     1.000     0.039     0.001
  39.771207  11.288482     40.681     0.027     1.420     0.000     0.000     1.000     0.029     0.001
  40.273967  11.281697    -73.612     0.070    -2.570    -0.000    -0.000     1.000     0.074     0.002
  40.776702  11.274066    -57.414     0.206    -2.004    -0.000    -0.000     1.000     0.216     0.005
  41.279409  11.265589    -50.826     0.196    -1.774    -0.000    -0.000     1.000     0.205     0.005
  41.782085  11.256266     88.913     0.049     3.104    -0.000     0.000     1.000     0.051     0.001
  42.284727  11.246100     54.068     0.250     1.887    -0.000     0.000     1.000     0.262     0.006
  42.787331  11.235090     53.482     0.209     1.867    -0.000     0.000     1.000     0.219     0.005
  43.289896  11.223238     59.109     0.027     2.063    -0.000     0.000     1.000     0.028     0.001
  43.792418  11.210545    -33.778     0.005    -1.179     0.000    -0.000     1.000     0.005     0.000
  44.294895  11.197010    -30.068     0.004    -1.050     0.000    -0.000     1.000     0.004     0.000
  34.491314  10.874637    -58.397     0.001    -2.038    -0.000    -0.000     1.000     0.001     0.000
  34.994205  10.876682    -64.653     0.014    -2.257    -0.000    -0.000     1.000     0.015     0.000
  35.497101  10.877909    -57.199     0.044    -1.997    -0.000    -0.000     1.000     0.046     0.001
  36.000000  10.878318    -45.273     0.060    -1.580    -0.000    -0.000     1.000     0.063     0.002
  36.502899  10.877909    -34.667     0.066    -1.210     0.000    -0.000     1.000     0.069     0.002
  37.005796  10.876682    -25.415     0.064    -0.887     0.000    -0.000     1.000     0.067     0.002
  37.508687  10.874637     -8.223     0.056    -0.287     0.000    -0.000     1.000     0.059     0.001
  38.011569  10.871774      1.214     0.070     0.042     0.000     0.000     1.000     0.074     0.002
  38.514441  10.868094     -5.944     0.061    -0.207     0.000    -0.000     1.000     0.064     0.002
  39.017299  10.863596    -19.025     0.076    -0.664     0.000    -0.000     1.000     0.080     0.002
  39.520140  10.858282     -1.509     0.051    -0.053     0.000    -0.000     1.000     0.053     0.001
  40.022962  10.852151    -62.324     0.094    -2.176    -0.000    -0.000     1.000     0.098     0.002
  40.525762  10.845204    -62.254     0.209    -2.173    -0.000    -0.000     1.000     0.219     0.005
  41.028537  10.837442    -67.365     0.143    -2.351    -0.000    -0.000     1.000     0.149     0.004
  41.531285  10.828865     63.540     0.122     2.218    -0.000     0.000     1.000     0.127     0.003
  42.034002  10.819475     51.225     0.247     1.788    -0.000     0.000     1.000     0.259     0.006
  42.536687  10.809271     51.596     0.118     1.801    -0.000     0.000     1.000     0.124     0.003
  43.039336  10.798255     58.252     0.017     2.033    -0.000     0.000     1.000     0.018     0.000
  43.541948  10.786427    -37.857     0.006    -1.321     0.000    -0.000     1.000     0.006     0.000
  34.239641  10.440293    -29.118     0.005    -1.016     0.000    -0.000     1.000     0.005     0.000
  34.742594  10.442654    -46.318     0.026    -1.617    -0.000    -0.000     1.000     0.028     0.001
  35.245554  10.444228    -53.705     0.072    -1.875    -0.000    -0.000     1.000     0.075     0.002
  35.748518  10.445015    -54.921     0.073    -1.917    -0.000    -0.000     1.000     0.076     0.002
  36.251483  10.445015    -53.647     0.051    -1.873    -0.000    -0.000     1.000     0.054     0.001
  36.754446  10.444228    -43.695     0.031    -1.525     0.000    -0.000     1.000     0.033     0.001
  37.257406  10.442654    -25.893     0.021    -0.904     0.000    -0.000     1.000     0.022     0.001
  37.760360  10.440293    -17.065     0.023    -0.596     0.000    -0.000     1.000     0.024     0.001
  38.263304  10.437144    -21.713     0.042    -0.758     0.000    -0.000     1.000     0.044     0.001
  38.766238  10.433210    -24.824     0.031    -0.867     0.000    -0.000     1.000     0.033     0.001
  39.269157  10.428489    -33.987     0.034    -1.186     0.000    -0.000     1.000     0.036     0.001
  39.772059  10.422983    -55.372     0.135    -1.933    -0.000    -0.000     1.000     0.141     0.003
  40.274943  10.416691    -65.804     0.168    -2.297    -0.000    -0.000     1.000     0.176     0.004
  40.777805  10.409614     82.453     0.150     2.878    -0.000     0.000     1.000     0.157     0.004
  41.280643  10.401753     54.852     0.206     1.915    -0.000     0.000     1.000     0.216     0.005
  41.783454  10.393108     47.178     0.200     1.647    -0.000     0.000     1.000     0.210     0.005
  42.286237  10.383680     54.509     0.039     1.903    -0.000     0.000     1.000     0.041     0.001
  42.788987  10.373471    -58.019     0.016    -2.025    -0.000    -0.000     1.000     0.017     0.000
  43.291704  10.362479    -44.490     0.009    -1.553     0.000    -0.000     1.000     0.009     0.000
  34.490856  10.009300    -36.332     0.014    -1.268     0.000    -0.000     1.000     0.015     0.000
  34.993900  10.011191    -52.032     0.054    -1.816    -0.000    -0.000     1.000     0.056     0.001
  35.496949  10.012325    -54.745     0.070    -1.911    -0.000    -0.000     1.000     0.073     0.002
  36.000000  10.012703    -62.706     0.058    -2.189    -0.000    -0.000     1.000     0.061     0.002
  36.503052  10.012325    -50.427     0.036    -1.760    -0.000    -0.000     1.000     0.037     0.001
  37.006101  10.011191    -21.368     0.007    -0.746     0.000    -0.000     1.000     0.007     0.000
  37.509145  10.009300    -32.400     0.020    -1.131     0.000    -0.000     1.000     0.021     0.001
  38.012182  10.006654    -35.638     0.036    -1.244     0.000    -0.000     1.000     0.038     0.001
  38.515210  10.003252    -30.974     0.043    -1.081     0.000    -0.000     1.000     0.045     0.001
  39.018226   9.999094    -28.195     0.033    -0.984     0.000    -0.000     1.000     0.035     0.001
  39.521228   9.994182    -52.762     0.150    -1.842    -0.000    -0.000     1.000     0.157     0.004
  40.024214   9.988514    -63.893     0.123    -2.230    -0.000    -0.000     1.000     0.128     0.003
  40.527181   9.982093     71.615     0.159     2.500    -0.000     0.000     1.000     0.166     0.004
  41.030127   9.974917     50.881     0.224     1.776    -0.000     0.000     1.000     0.235     0.006
  41.533050   9.966989     41.205     0.175     1.438     0.000     0.000     1.000     0.183     0.005
  42.035947   9.958308     36.490     0.048     1.274     0.000     0.000     1.000     0.050     0.001
  42.538816   9.948875    -61.131     0.012    -2.134    -0.000    -0.000     1.000     0.013     0.000
  34.238958   9.576612    -61.184     0.008    -2.136    -0.000    -0.000     1.000     0.008     0.000
  34.742108   9.578787    -63.617     0.028    -2.221    -0.000    -0.000     1.000     0.029     0.001
  35.245263   9.580237    -62.229     0.032    -2.172    -0.000    -0.000     1.000     0.033     0.001
  35.748421   9.580962    -64.299     0.047    -2.244    -0.000    -0.000     1.000     0.049     0.001
  36.251580   9.580962    -44.794     0.039    -1.564     0.000    -0.000     1.000     0.041     0.001
  36.754738   9.580237    -28.279     0.037    -0.987     0.000    -0.000     1.000     0.038     0.001
  37.257893   9.578787    -10.826     0.026    -0.378     0.000    -0.000     1.000     0.027     0.001
  37.761042   9.576612    -14.757     0.016    -0.515     0.000    -0.000     1.000     0.017     0.000
  38.264184   9.573711    -33.485     0.037    -1.169     0.000    -0.000     1.000     0.039     0.001
  38.767316   9.570087    -33.394     0.062    -1.166     0.000    -0.000     1.000     0.065     0.002
  39.270437   9.565738    -50.007     0.145    -1.746    -0.000    -0.000     1.000     0.152     0.004
  39.773543   9.560665    -82.666     0.049    -2.886    -0.000    -0.000     1.000     0.051     0.001
  40.276634   9.554868     60.095     0.099     2.098    -0.000     0.000     1.000     0.104     0.003
  40.779706   9.548349     50.791     0.162     1.773    -0.000     0.000     1.000     0.170     0.004
  41.282758   9.541107     37.173     0.128     1.298     0.000     0.000     1.000     0.134     0.003
  41.785787   9.533143     34.817     0.093     1.215     0.000     0.000     1.000     0.097     0.002
  42.288792   9.524457     46.762     0.015     1.632    -0.000     0.000     1.000     0.016     0.000
  34.490147   9.147008    -68.406     0.026    -2.388    -0.000    -0.000     1.000     0.027     0.001
  34.993428   9.148743    -73.849     0.025    -2.578    -0.000    -0.000     1.000     0.026     0.001
  35.496713   9.149784    -86.203     0.016    -3.009    -0.000    -0.000     1.000     0.017     0.000
  36.000000   9.150131    -73.382     0.025    -2.562    -0.000    -0.000     1.000     0.027     0.001
  36.503287   9.149784    -53.726     0.056    -1.875    -0.000    -0.000     1.000     0.059     0.001
  37.006572   9.148743    -48.186     0.052    -1.682    -0.000    -0.000     1.000     0.054     0.001
  37.509853   9.147008    -56.559     0.014    -1.974    -0.000    -0.000     1.000     0.015     0.000
  38.013129   9.144579     -3.711     0.004    -0.130     0.000    -0.000     1.000     0.004     0.000
  38.516396   9.141457    -26.063     0.079    -0.910     0.000    -0.000     1.000     0.083     0.002
  39.019653   9.137641    -37.859     0.136    -1.322     0.000    -0.000     1.000     0.142     0.003
  39.522899   9.133132     68.741     0.036     2.400    -0.000     0.000     1.000     0.038     0.001
  40.026131   9.127930     56.510     0.132     1.973    -0.000     0.000     1.000     0.139     0.003
  40.529348   9.122037     54.549     0.106     1.904    -0.000     0.000     1.000     0.111     0.003
  41.032547   9.115451     57.283     0.041     2.000    -0.000     0.000     1.000     0.043     0.001
  41.535726   9.108174     46.202     0.040     1.613    -0.000     0.000     1.000     0.042     0.001
  42.038884   9.100207     43.668     0.025     1.524     0.000     0.000     1.000     0.026     0.001
  34.741415   8.717833    -67.090     0.018    -2.342    -0.000    -0.000     1.000     0.019     0.000
  35.244848   8.719159    -73.882     0.017    -2.579    -0.000    -0.000     1.000     0.018     0.000
  35.748282   8.719822    -85.971     0.022    -3.001    -0.000    -0.000     1.000     0.023     0.001
  36.251718   8.719822     76.887     0.019     2.684    -0.000     0.000     1.000     0.020     0.000
  36.755153   8.719159    -63.353     0.038    -2.211    -0.000    -0.000     1.000     0.040     0.001
  37.258585   8.717833    -63.493     0.063    -2.216    -0.000    -0.000     1.000     0.067     0.002
  37.762013   8.715845    -77.026     0.057    -2.689    -0.000    -0.000     1.000     0.059     0.001
  38.265434   8.713194    -86.691     0.020    -3.026    -0.000    -0.000     1.000     0.021     0.001
  38.768848   8.709881    -13.146     0.064    -0.459     0.000    -0.000     1.000     0.067     0.002
  39.272251   8.705906     66.045     0.052     2.305    -0.000     0.000     1.000     0.055     0.001
  39.775643   8.701269     55.861     0.115     1.950    -0.000     0.000     1.000     0.121     0.003
  40.279022   8.695970     55.131     0.080     1.924    -0.000     0.000     1.000     0.083     0.002
  40.782385   8.690011     75.061     0.024     2.620    -0.000     0.000     1.000     0.025     0.001
  41.285732   8.683391     60.443     0.004     2.110    -0.000     0.000     1.000     0.004     0.000
  41.789060   8.676112     46.788     0.006     1.633    -0.000     0.000     1.000     0.006     0.000
  34.992794   8.289078    -74.152     0.010    -2.588    -0.000    -0.000     1.000     0.010     0.000
  35.496396   8.290026    -80.926     0.030    -2.825    -0.000    -0.000     1.000     0.032     0.001
  36.000000   8.290342     85.841     0.029     2.996    -0.000     0.000     1.000     0.030     0.001
  36.503604   8.290026     68.280     0.022     2.383    -0.000     0.000     1.000     0.023     0.001
  37.007207   8.289078     72.907     0.010     2.545    -0.000     0.000     1.000     0.010     0.000
  37.510806   8.287500    -65.551     0.034    -2.288    -0.000    -0.000     1.000     0.035     0.001
  38.014401   8.285289    -73.218     0.040    -2.556    -0.000    -0.000     1.000     0.042     0.001
  38.517988   8.282448    -11.060     0.033    -0.386     0.000    -0.000     1.000     0.035     0.001
  39.021568   8.278976     -8.364     0.033    -0.292     0.000    -0.000     1.000     0.035     0.001
  39.525138   8.274873     54.208     0.083     1.892    -0.000     0.000     1.000     0.087     0.002
  40.028697   8.270140     58.824     0.037     2.053    -0.000     0.000     1.000     0.039     0.001
  40.532243   8.264777    -49.589     0.011    -1.731    -0.000    -0.000     1.000     0.011     0.000
  41.035775   8.258784     13.165     0.004     0.460     0.000     0.000     1.000     0.004     0.000
  41.539290   8.252162      9.554     0.001     0.333     0.000     0.000     1.000     0.001     0.000
  34.740522   7.859533    -84.342     0.002    -2.944    -0.000    -0.000     1.000     0.002     0.000
  35.244312   7.860733    -85.467     0.008    -2.983    -0.000    -0.000     1.000     0.008     0.000
  35.748104   7.861334    -82.997     0.018    -2.897    -0.000    -0.000     1.000     0.019     0.000
  36.251897   7.861334    -75.357     0.023    -2.630    -0.000    -0.000     1.000     0.024     0.001
  36.755689   7.860733     63.023     0.001     2.200    -0.000     0.000     1.000     0.001     0.000
  37.259479   7.859533     12.210     0.011     0.426     0.000     0.000     1.000     0.012     0.000
  37.763265   7.857733    -21.396     0.027    -0.747     0.000    -0.000     1.000     0.028     0.001
  38.267046   7.855333     -6.856     0.048    -0.239     0.000    -0.000     1.000     0.051     0.001
  38.770821   7.852333     -9.674     0.040    -0.338     0.000    -0.000     1.000     0.042     0.001
  39.274587   7.848733     39.465     0.007     1.378     0.000     0.000     1.000     0.008     0.000
  39.778344   7.844534     88.344     0.010     3.084    -0.000     0.000     1.000     0.011     0.000
  40.282091   7.839737    -35.430     0.025    -1.237     0.000    -0.000     1.000     0.026     0.001
  40.785825   7.834341     14.655     0.008     0.512     0.000     0.000     1.000     0.008     0.000
  41.289545   7.828347     16.705     0.002     0.583     0.000     0.000     1.000     0.002     0.000
  34.992000   7.431936     84.728     0.003     2.958    -0.000     0.000     1.000     0.003     0.000
  35.495999   7.432789    -87.988     0.004    -3.071    -0.000    -0.000     1.000     0.004     0.000
  36.000000   7.433074    -76.920     0.009    -2.685    -0.000    -0.000     1.000     0.009     0.000
  36.504001   7.432789    -65.592     0.011    -2.290    -0.000    -0.000     1.000     0.011     0.000
  37.008001   7.431936    -52.957     0.014    -1.849    -0.000    -0.000     1.000     0.014     0.000
  37.511997   7.430515    -21.641     0.006    -0.755     0.000    -0.000     1.000     0.006     0.000
  38.015990   7.428525     -8.073     0.029    -0.282     0.000    -0.000     1.000     0.030     0.001
  38.519978   7.425966     -4.814     0.046    -0.168     0.000    -0.000     1.000     0.048     0.001
  39.023959   7.422839      2.042     0.017     0.071     0.000     0.000     1.000     0.017     0.000
  39.527933   7.419145    -53.406     0.023    -1.864    -0.000    -0.000     1.000     0.024     0.001
  40.031897   7.414882    -27.512     0.007    -0.960     0.000    -0.000     1.000     0.008     0.000
  40.535851   7.410053      2.058     0.009     0.072     0.000     0.000     1.000     0.009     0.000
  41.039793   7.404657      6.686     0.002     0.233     0.000     0.000     1.000     0.003     0.000
  35.243658   7.004700     86.730     0.004     3.027    -0.000     0.000     1.000     0.004     0.000
  35.747886   7.005237    -79.705     0.004    -2.782    -0.000    -0.000     1.000     0.004     0.000
  36.252115   7.005237    -74.445     0.007    -2.599    -0.000    -0.000     1.000     0.007     0.000
  36.756343   7.004700    -53.802     0.002    -1.878    -0.000    -0.000     1.000     0.002     0.000
  37.260569   7.003626     -0.123     0.003    -0.004     0.000    -0.000     1.000     0.003     0.000
  37.764792   7.002015     34.685     0.016     1.211     0.000     0.000     1.000     0.017     0.000
  38.269012   6.999866      5.491     0.016     0.192     0.000     0.000     1.000     0.016     0.000
  38.773226   6.997182    -27.854     0.016    -0.972     0.000    -0.000     1.000     0.017     0.000
  39.277433   6.993960    -50.405     0.029    -1.759    -0.000    -0.000     1.000     0.030     0.001
  39.781634   6.990203     79.566     0.004     2.777    -0.000     0.000     1.000     0.005     0.000
  40.285825   6.985909     33.939     0.009     1.185     0.000     0.000     1.000     0.009     0.000
  40.790007   6.981080     -5.466     0.003    -0.191     0.000    -0.000     1.000     0.003     0.000
  34.991051   6.577057     88.265     0.004     3.081    -0.000     0.000     1.000     0.004     0.000
  35.495525   6.577815    -84.992     0.004    -2.967    -0.000    -0.000     1.000     0.004     0.000
  36.000000   6.578068    -75.823     0.007    -2.647    -0.000    -0.000     1.000     0.008     0.000
  36.504476   6.577815     49.071     0.002     1.713    -0.000     0.000     1.000     0.002     0.000
  37.008950   6.577057     35.916     0.015     1.254     0.000     0.000     1.000     0.015     0.000
  37.513422   6.575793     41.400     0.029     1.445     0.000     0.000     1.000     0.030     0.001
  38.017891   6.574025     39.996     0.017     1.396     0.000     0.000     1.000     0.018     0.000
  38.522357   6.571750    -30.227     0.003    -1.055     0.000    -0.000     1.000     0.004     0.000
  39.026816   6.568971    -49.000     0.018    -1.710    -0.000    -0.000     1.000     0.018     0.000
  39.531270   6.565688    -73.329     0.022    -2.560    -0.000    -0.000     1.000     0.023     0.001
  40.035717   6.561899     86.805     0.008     3.030    -0.000     0.000     1.000     0.008     0.000
  35.242889   6.150799    -85.975     0.005    -3.001    -0.000    -0.000     1.000     0.005     0.000
  35.747630   6.151273    -75.532     0.007    -2.637    -0.000    -0.000     1.000     0.007     0.000
  36.252371   6.151273     64.605     0.003     2.255    -0.000     0.000     1.000     0.003     0.000
  36.757112   6.150799     41.892     0.025     1.462     0.000     0.000     1.000     0.026     0.001
  37.261852   6.149852     45.081     0.036     1.574    -0.000     0.000     1.000     0.038     0.001
  37.766589   6.148431     39.991     0.031     1.396     0.000     0.000     1.000     0.033     0.001
  38.271323   6.146536     43.807     0.022     1.529     0.000     0.000     1.000     0.023     0.001
  38.776053   6.144169    -44.151     0.005    -1.541     0.000    -0.000     1.000     0.005     0.000
  39.280779   6.141328    -53.975     0.009    -1.884    -0.000    -0.000     1.000     0.009     0.000
  39.785498   6.138014    -80.406     0.012    -2.807    -0.000    -0.000     1.000     0.012     0.000
  34.989949   5.724181    -78.695     0.003    -2.747    -0.000    -0.000     1.000     0.003     0.000
  35.494974   5.724844    -82.713     0.006    -2.887    -0.000    -0.000     1.000     0.006     0.000
  36.000000   5.725065     70.437     0.007     2.459    -0.000     0.000     1.000     0.007     0.000
  36.505026   5.724844     45.641     0.038     1.593    -0.000     0.000     1.000     0.039     0.001
  37.010052   5.724181     48.397     0.032     1.689    -0.000     0.000     1.000     0.033     0.001
  37.515076   5.723076     43.457     0.035     1.517     0.000     0.000     1.000     0.036     0.001
  38.020097   5.721530     40.360     0.032     1.409     0.000     0.000     1.000     0.033     0.001
  38.525115   5.719542     49.165     0.010     1.716    -0.000     0.000     1.000     0.010     0.000
  39.030130   5.717113     65.813     0.003     2.297    -0.000     0.000     1.000     0.004     0.000
  39.535140   5.714243    -71.631     0.007    -2.500    -0.000    -0.000     1.000     0.008     0.000
  40.040144   5.710932    -77.963     0.003    -2.721    -0.000    -0.000     1.000     0.003     0.000
  34.736678   5.297952    -54.737     0.002    -1.911    -0.000    -0.000     1.000     0.002     0.000
  35.242006   5.298772     86.608     0.005     3.023    -0.000     0.000     1.000     0.006     0.000
  35.747335   5.299182     61.436     0.018     2.145    -0.000     0.000     1.000     0.019     0.000
  36.252665   5.299182     47.530     0.044     1.659    -0.000     0.000     1.000     0.046     0.001
  36.757995   5.298772     49.397     0.030     1.724    -0.000     0.000     1.000     0.031     0.001
  37.263323   5.297952     46.092     0.032     1.609    -0.000     0.000     1.000     0.034     0.001
  37.768650   5.296723     37.334     0.029     1.303     0.000     0.000     1.000     0.031     0.001
  38.273974   5.295083     52.205     0.014     1.822    -0.000     0.000     1.000     0.015     0.000
  38.779295   5.293035     60.937     0.010     2.127    -0.000     0.000     1.000     0.011     0.000
  39.284613   5.290577     78.238     0.004     2.731    -0.000     0.000     1.000     0.004     0.000
  39.789926   5.287710    -76.879     0.003    -2.684    -0.000    -0.000     1.000     0.004     0.000
  34.483048   4.872104    -31.064     0.000    -1.084     0.000    -0.000     1.000     0.001     0.000
  34.988697   4.873049     62.414     0.006     2.179    -0.000     0.000     1.000     0.006     0.000
  35.494349   4.873615     57.541     0.032     2.009    -0.000     0.000     1.000     0.033     0.001
  36.000000   4.873804     49.170     0.038     1.716    -0.000     0.000     1.000     0.039     0.001
  36.505652   4.873615     49.060     0.033     1.713    -0.000     0.000     1.000     0.034     0.001
  37.011303   4.873049     49.341     0.024     1.722    -0.000     0.000     1.000     0.025     0.001
  37.516953   4.872104     37.055     0.029     1.293     0.000     0.000     1.000     0.030     0.001
  38.022601   4.870782     53.240     0.014     1.858    -0.000     0.000     1.000     0.015     0.000
  38.528247   4.869083     64.581     0.008     2.254    -0.000     0.000     1.000     0.009     0.000
  39.033890   4.867006     66.608     0.005     2.325    -0.000     0.000     1.000     0.005     0.000
  39.539530   4.864552     76.953     0.002     2.686    -0.000     0.000     1.000     0.002     0.000
  33.723043   4.445248    -31.964     0.001    -1.116     0.000    -0.000     1.000     0.001     0.000
  34.229031   4.446630     48.113     0.003     1.679    -0.000     0.000     1.000     0.003     0.000
  34.735021   4.447667     51.679     0.018     1.804    -0.000     0.000     1.000     0.018     0.000
  35.241012   4.448358     54.304     0.040     1.896    -0.000     0.000     1.000     0.042     0.001
  35.747004   4.448704     51.967     0.034     1.814    -0.000     0.000     1.000     0.035     0.001
  36.252996   4.448704     49.114     0.039     1.714    -0.000     0.000     1.000     0.041     0.001
  36.758988   4.448358     55.494     0.020     1.937    -0.000     0.000     1.000     0.021     0.001
  37.264979   4.447667     37.791     0.028     1.319     0.000     0.000     1.000     0.029     0.001
  37.770969   4.446630     46.365     0.012     1.618    -0.000     0.000     1.000     0.013     0.000
  38.276958   4.445248     64.023     0.005     2.235    -0.000     0.000     1.000     0.005     0.000
  38.782944   4.443521     71.585     0.002     2.499    -0.000     0.000     1.000     0.002     0.000
  33.468255   4.020113    -71.341     0.001    -2.490    -0.000    -0.000     1.000     0.001     0.000
  33.974602   4.021523     56.943     0.006     1.988    -0.000     0.000     1.000     0.006     0.000
  34.480950   4.022619     51.177     0.029     1.786    -0.000     0.000     1.000     0.031     0.001
  34.987299   4.023402     52.570     0.036     1.835    -0.000     0.000     1.000     0.037     0.001
  35.493650   4.023872     56.097     0.034     1.958    -0.000     0.000     1.000     0.036     0.001
  36.000000   4.024028     51.664     0.041     1.803    -0.000     0.000     1.000     0.043     0.001
  36.506351   4.023872     65.419     0.017     2.284    -0.000     0.000     1.000     0.017     0.000
  37.012701   4.023402     34.374     0.021     1.200     0.000     0.000     1.000     0.022     0.001
  37.519051   4.022619     28.980     0.012     1.012     0.000     0.000     1.000     0.013     0.000
  32.706287   3.593685    -87.955     0.003    -3.070    -0.000    -0.000     1.000     0.003     0.000
  33.213009   3.595370     87.482     0.005     3.054    -0.000     0.000     1.000     0.005     0.000
  33.719732   3.596773     80.555     0.009     2.812    -0.000     0.000     1.000     0.009     0.000
  34.226457   3.597896     59.179     0.030     2.066    -0.000     0.000     1.000     0.032     0.001
  34.733183   3.598738     58.691     0.025     2.049    -0.000     0.000     1.000     0.026     0.001
  35.239910   3.599300     64.943     0.029     2.267    -0.000     0.000     1.000     0.030     0.001
  35.746637   3.599581     57.581     0.034     2.010    -0.000     0.000     1.000     0.035     0.001
  36.253364   3.599581     81.607     0.009     2.849    -0.000     0.000     1.000     0.009     0.000
  36.760091   3.599300     27.471     0.014     0.959     0.000     0.000     1.000     0.014     0.000
  37.266818   3.598738     19.259     0.014     0.672     0.000     0.000     1.000     0.014     0.000
  32.450162   3.169398    -80.730     0.011    -2.818    -0.000    -0.000     1.000     0.012     0.000
  32.957278   3.171010    -85.137     0.009    -2.972    -0.000    -0.000     1.000     0.010     0.000
  33.464397   3.172375    -80.888     0.012    -2.824    -0.000    -0.000     1.000     0.013     0.000
  33.971516   3.173492    -76.138     0.023    -2.658    -0.000    -0.000     1.000     0.024     0.001
  34.478636   3.174361     86.174     0.011     3.008    -0.000     0.000     1.000     0.012     0.000
  34.985757   3.174981    -64.525     0.020    -2.252    -0.000    -0.000     1.000     0.021     0.001
  35.492879   3.175354    -82.963     0.015    -2.896    -0.000    -0.000     1.000     0.016     0.000
  36.000000   3.175478    -67.134     0.008    -2.343    -0.000    -0.000     1.000     0.008     0.000
  36.507122   3.175354     24.119     0.009     0.842     0.000     0.000     1.000     0.010     0.000
  37.014243   3.174981     17.316     0.010     0.604     0.000     0.000     1.000     0.010     0.000
  32.193508   2.745521    -86.178     0.023    -3.008    -0.000    -0.000     1.000     0.024     0.001
  32.701038   2.747029    -76.706     0.020    -2.678    -0.000    -0.000     1.000     0.021     0.001
  33.208568   2.748322    -70.588     0.021    -2.464    -0.000    -0.000     1.000     0.022     0.001
  33.716100   2.749399    -67.041     0.038    -2.340    -0.000    -0.000     1.000     0.039     0.001
  34.223633   2.750261    -63.110     0.026    -2.203    -0.000    -0.000     1.000     0.027     0.001
  34.731166   2.750908    -54.732     0.029    -1.911    -0.000    -0.000     1.000     0.031     0.001
  35.238699   2.751339    -55.936     0.026    -1.953    -0.000    -0.000     1.000     0.028     0.001
  35.746233   2.751555    -56.028     0.011    -1.956    -0.000    -0.000     1.000     0.012     0.000
  36.253767   2.751555     24.019     0.008     0.838     0.000     0.000     1.000     0.008     0.000
  36.761301   2.751339     18.740     0.007     0.654     0.000     0.000     1.000     0.007     0.000
  31.428341   2.320496     25.131     0.001     0.877     0.000     0.000     1.000     0.001     0.000
  31.936301   2.322049     85.695     0.007     2.991    -0.000     0.000     1.000     0.007     0.000
  32.444261   2.323418     89.200     0.020     3.114    -0.000     0.000     1.000     0.021     0.001
  32.952222   2.324606    -72.095     0.017    -2.517    -0.000    -0.000     1.000     0.018     0.000
  33.460184   2.325610    -65.903     0.046    -2.300    -0.000    -0.000     1.000     0.049     0.001
  33.968146   2.326433    -64.019     0.043    -2.235    -0.000    -0.000     1.000     0.045     0.001
  34.476109   2.327072    -58.658     0.039    -2.048    -0.000    -0.000     1.000     0.041     0.001
  34.984073   2.327529    -57.510     0.029    -2.007    -0.000    -0.000     1.000     0.030     0.001
  35.492036   2.327803    -54.361     0.011    -1.898    -0.000    -0.000     1.000     0.012     0.000
  36.000000   2.327895     26.249     0.007     0.916     0.000     0.000     1.000     0.007     0.000
  36.507964   2.327803     19.782     0.007     0.691     0.000     0.000     1.000     0.007     0.000
  31.170106   1.897628     14.067     0.002     0.491     0.000     0.000     1.000     0.003     0.000
  31.678514   1.898975     25.943     0.003     0.906     0.000     0.000     1.000     0.004     0.000
  32.186922   1.900173     80.745     0.014     2.819    -0.000     0.000     1.000     0.014     0.000
  32.695331   1.901221    -84.355     0.011    -2.945    -0.000    -0.000     1.000     0.012     0.000
  33.203741   1.902119    -64.040     0.032    -2.235    -0.000    -0.000     1.000     0.034     0.001
  33.712151   1.902868    -61.199     0.034    -2.136    -0.000    -0.000     1.000     0.036     0.001
  34.220562   1.903468    -59.903     0.030    -2.091    -0.000    -0.000     1.000     0.031     0.001
  34.728972   1.903917    -66.951     0.022    -2.337    -0.000    -0.000     1.000     0.023     0.001
  35.237383   1.904217    -60.295     0.008    -2.105    -0.000    -0.000     1.000     0.008     0.000
  35.745795   1.904367     28.696     0.006     1.002     0.000     0.000     1.000     0.007     0.000
  36.254206   1.904367     20.446     0.006     0.714     0.000     0.000     1.000     0.007     0.000
  36.762617   1.904217     20.081     0.002     0.701     0.000     0.000     1.000     0.002     0.000
  31.420123   1.476294     14.116     0.003     0.493     0.000     0.000     1.000     0.003     0.000
  31.928997   1.477286     42.415     0.003     1.481     0.000     0.000     1.000     0.003     0.000
  32.437871   1.478161     87.428     0.015     3.052    -0.000     0.000     1.000     0.015     0.000
  32.946746   1.478919    -60.867     0.024    -2.125    -0.000    -0.000     1.000     0.025     0.001
  33.455621   1.479561    -54.125     0.025    -1.889    -0.000    -0.000     1.000     0.027     0.001
  33.964497   1.480087    -44.511     0.014    -1.554     0.000    -0.000     1.000     0.015     0.000
  34.473373   1.480495     88.715     0.001     3.097    -0.000     0.000     1.000     0.002     0.000
  34.982248   1.480787     45.332     0.004     1.582    -0.000     0.000     1.000     0.004     0.000
  35.491124   1.480962     30.008     0.007     1.047     0.000     0.000     1.000     0.008     0.000
  36.000000   1.481021     19.985     0.006     0.698     0.000     0.000     1.000     0.006     0.000
  36.508876   1.480962     26.662     0.002     0.931     0.000     0.000     1.000     0.003     0.000
  31.161103   1.054000     -6.089     0.004    -0.213     0.000    -0.000     1.000     0.004     0.000
  31.670460   1.054751     -7.353     0.007    -0.257     0.000    -0.000     1.000     0.007     0.000
  32.179817   1.055419    -63.408     0.005    -2.213    -0.000    -0.000     1.000     0.005     0.000
  32.689174   1.056004    -56.711     0.024    -1.980    -0.000    -0.000     1.000     0.025     0.001
  33.198532   1.056505    -42.692     0.029    -1.490     0.000    -0.000     1.000     0.030     0.001
  33.707890   1.056923     -7.616     0.021    -0.266     0.000    -0.000     1.000     0.022     0.001
  34.217247   1.057257     -1.004     0.015    -0.035     0.000    -0.000     1.000     0.016     0.000
  34.726605   1.057508     22.119     0.005     0.772     0.000     0.000     1.000     0.005     0.000
  35.235963   1.057675     28.110     0.007     0.981     0.000     0.000     1.000     0.007     0.000
  35.745321   1.057759     16.285     0.005     0.568     0.000     0.000     1.000     0.005     0.000
  36.254679   1.057759     27.954     0.003     0.976     0.000     0.000     1.000     0.004     0.000
  31.411287   0.632564     -9.526     0.018    -0.333     0.000    -0.000     1.000     0.019     0.000
  31.921144   0.632991    -13.589     0.018    -0.474     0.000    -0.000     1.000     0.019     0.000
  32.431001   0.633367    -60.367     0.023    -2.107    -0.000    -0.000     1.000     0.024     0.001
  32.940858   0.633694    -53.265     0.031    -1.859    -0.000    -0.000     1.000     0.032     0.001
  33.450715   0.633970    -14.476     0.010    -0.505     0.000    -0.000     1.000     0.010     0.000
  33.960572   0.634196     -2.103     0.009    -0.073     0.000    -0.000     1.000     0.010     0.000
  34.470429   0.634372     -0.306     0.003    -0.011     0.000    -0.000     1.000     0.003     0.000
  34.980286   0.634498     23.481     0.002     0.820     0.000     0.000     1.000     0.002     0.000
  35.490143   0.634573     17.522     0.003     0.612     0.000     0.000     1.000     0.003     0.000
  36.000000   0.634598     16.744     0.005     0.584     0.000     0.000     1.000     0.005     0.000
  36.509857   0.634573     26.164     0.001     0.913     0.000     0.000     1.000     0.001     0.000
  31.661826   0.210870    -13.083     0.009    -0.457     0.000    -0.000     1.000     0.009     0.000
  32.172200   0.211004    -69.087     0.012    -2.412    -0.000    -0.000     1.000     0.013     0.000
  32.682573   0.211121    -70.951     0.036    -2.477    -0.000    -0.000     1.000     0.038     0.001
  33.192946   0.211222    -62.484     0.004    -2.181    -0.000    -0.000     1.000     0.005     0.000
  33.703320   0.211306      5.042     0.002     0.176     0.000     0.000     1.000     0.002     0.000
  34.213693   0.211373      0.576     0.001     0.020     0.000     0.000     1.000     0.001     0.000
  34.724067   0.211423      6.945     0.000     0.242     0.000     0.000     1.000     0.000     0.000
  35.744814   0.211473     16.404     0.004     0.573     0.000     0.000     1.000     0.005     0.000
  36.255187   0.211473     16.483     0.001     0.575     0.000     0.000     1.000     0.001     0.000
  32.423648  -0.210781    -75.115     0.014    -2.622    -0.000    -0.000     1.000     0.014     0.000
  32.934556  -0.210890    -75.688     0.006    -2.642    -0.000    -0.000     1.000     0.006     0.000
  33.445463  -0.210982     39.556     0.001     1.381     0.000     0.000     1.000     0.001     0.000
  35.489093  -0.211184     16.392     0.001     0.572     0.000     0.000     1.000     0.001     0.000
  36.000000  -0.211192     16.266     0.001     0.568     0.000     0.000     1.000     0.001     0.000
