  43.169953  24.236189    -41.827     0.000    -1.460     0.000    -0.000     1.000     0.008     0.000
  43.681086  24.211263    -31.526     0.000    -1.100     0.000    -0.000     1.000     0.003     0.000
  44.192012  24.184632      6.846     0.000     0.239     0.000     0.000     1.000     0.002     0.000
  42.904317  23.778637    -44.279     0.001    -1.546     0.000    -0.000     1.000     0.016     0.000
  43.414846  23.754984    -43.486     0.001    -1.518     0.000    -0.000     1.000     0.022     0.001
  43.925182  23.729654    -36.210     0.000    -1.264     0.000    -0.000     1.000     0.008     0.000
  44.435314  23.702650    -17.295     0.000    -0.604     0.000    -0.000     1.000     0.005     0.000
  44.945228  23.673975    -13.242     0.001    -0.462     0.000    -0.000     1.000     0.009     0.000
  45.454912  23.643632    -13.053     0.001    -0.456     0.000    -0.000     1.000     0.013     0.000
  45.964353  23.611624     -5.529     0.000    -0.193     0.000    -0.000     1.000     0.003     0.000
  43.149750  23.299608    -49.494     0.001    -1.728    -0.000    -0.000     1.000     0.010     0.000
  43.659519  23.275550    -50.530     0.001    -1.764    -0.000    -0.000     1.000     0.024     0.001
  44.169098  23.249846    -49.753     0.001    -1.737    -0.000    -0.000     1.000     0.024     0.001
  44.678475  23.222499    -35.985     0.001    -1.256     0.000    -0.000     1.000     0.020     0.001
  45.187637  23.193512    -14.295     0.001    -0.499     0.000    -0.000     1.000     0.018     0.000
  45.696572  23.162888      2.000     0.000     0.070     0.000     0.000     1.000     0.006     0.000
  43.394969  22.822312     88.511     0.001     3.090    -0.000     0.000     1.000     0.014     0.000
  43.904017  22.797879    -66.724     0.002    -2.329    -0.000    -0.000     1.000     0.033     0.001
  44.412877  22.771832    -49.844     0.003    -1.740    -0.000    -0.000     1.000     0.044     0.001
  44.921537  22.744172     -4.003     0.001    -0.140     0.000    -0.000     1.000     0.011     0.000
  45.429985  22.714903     16.085     0.000     0.561     0.000     0.000     1.000     0.007     0.000
  42.113919  22.411543     65.726     0.001     2.294    -0.000     0.000     1.000     0.017     0.000
  42.622774  22.391533     67.834     0.002     2.368    -0.000     0.000     1.000     0.028     0.001
  43.131478  22.369931     76.800     0.002     2.681    -0.000     0.000     1.000     0.027     0.001
  43.640017  22.346741    -59.785     0.002    -2.087    -0.000    -0.000     1.000     0.037     0.001
  44.148382  22.321963    -47.952     0.002    -1.674    -0.000    -0.000     1.000     0.035     0.001
  44.656561  22.295602     16.676     0.001     0.582     0.000     0.000     1.000     0.010     0.000
  45.164542  22.267659     26.862     0.000     0.938     0.000     0.000     1.000     0.008     0.000
  40.835380  21.990685     68.733     0.001     2.399    -0.000     0.000     1.000     0.013     0.000
  41.343972  21.974962     67.548     0.001     2.358    -0.000     0.000     1.000     0.023     0.001
  41.852446  21.957672     67.120     0.002     2.343    -0.000     0.000     1.000     0.034     0.001
  42.360790  21.938817     69.724     0.002     2.434    -0.000     0.000     1.000     0.027     0.001
  42.868995  21.918400    -68.983     0.001    -2.408    -0.000    -0.000     1.000     0.015     0.000
  43.377047  21.896422    -47.983     0.003    -1.675    -0.000    -0.000     1.000     0.053     0.001
  43.884938  21.872886    -44.275     0.001    -1.545     0.000    -0.000     1.000     0.020     0.001
  44.392655  21.847794     24.292     0.001     0.848     0.000     0.000     1.000     0.014     0.000
  44.900189  21.821149     30.043     0.001     1.049     0.000     0.000     1.000     0.009     0.000
  40.067648  21.548664     70.026     0.001     2.444    -0.000     0.000     1.000     0.010     0.000
  40.575828  21.535547     70.077     0.002     2.446    -0.000     0.000     1.000     0.029     0.001
  41.083910  21.520892     70.157     0.002     2.449    -0.000     0.000     1.000     0.035     0.001
  41.591885  21.504700     71.971     0.001     2.512    -0.000     0.000     1.000     0.025     0.001
  42.099741  21.486972     81.109     0.001     2.831    -0.000     0.000     1.000     0.013     0.000
  42.607469  21.467710    -56.146     0.001    -1.960    -0.000    -0.000     1.000     0.025     0.001
  43.115056  21.446916    -46.482     0.003    -1.623    -0.000    -0.000     1.000     0.049     0.001
  43.622494  21.424592    -39.247     0.001    -1.370     0.000    -0.000     1.000     0.011     0.000
  44.129771  21.400740     27.764     0.001     0.969     0.000     0.000     1.000     0.017     0.000
  44.636878  21.375364     30.467     0.001     1.064     0.000     0.000     1.000     0.009     0.000
  40.317089  21.081358     72.025     0.001     2.514    -0.000     0.000     1.000     0.019     0.000
  40.824686  21.067742     74.931     0.001     2.616    -0.000     0.000     1.000     0.018     0.000
  41.332186  21.052618     78.399     0.001     2.737    -0.000     0.000     1.000     0.012     0.000
  41.839577  21.035987     83.282     0.000     2.907    -0.000     0.000     1.000     0.008     0.000
  42.346850  21.017851    -73.280     0.000    -2.558    -0.000    -0.000     1.000     0.007     0.000
  42.853995  20.998211    -49.728     0.001    -1.736    -0.000    -0.000     1.000     0.017     0.000
  43.867858  20.954431     29.012     0.001     1.013     0.000     0.000     1.000     0.019     0.000
  44.374557  20.930294     30.485     0.001     1.064     0.000     0.000     1.000     0.009     0.000
  43.606868  20.508856     29.261     0.001     1.021     0.000     0.000     1.000     0.020     0.001
  44.113180  20.485930     29.901     0.001     1.044     0.000     0.000     1.000     0.009     0.000
  43.346753  20.064007     28.988     0.001     1.012     0.000     0.000     1.000     0.020     0.001
  43.852698  20.042264     29.239     0.001     1.021     0.000     0.000     1.000     0.008     0.000
  43.087468  19.619875     28.863     0.001     1.008     0.000     0.000     1.000     0.020     0.001
  43.593065  19.599284     28.959     0.000     1.011     0.000     0.000     1.000     0.008     0.000
  42.828966  19.176448     28.779     0.001     1.005     0.000     0.000     1.000     0.020     0.001
  43.334235  19.156982     28.865     0.000     1.008     0.000     0.000     1.000     0.008     0.000
  42.571202  18.733718     28.696     0.001     1.002     0.000     0.000     1.000     0.019     0.000
  43.076165  18.715347     28.786     0.000     1.005     0.000     0.000     1.000     0.008     0.000
  54.143068  17.973443    -20.205     0.005    -0.705     0.000    -0.000     1.000     0.079     0.002
  54.643521  17.924655    -25.889     0.002    -0.904     0.000    -0.000     1.000     0.040     0.001
  42.314134  18.291673     28.633     0.001     0.999     0.000     0.000     1.000     0.015     0.000
  42.818809  18.274368     28.701     0.000     1.002     0.000     0.000     1.000     0.008     0.000
  50.874389  17.818981    -83.565     0.001    -2.917    -0.000    -0.000     1.000     0.022     0.001
  51.376297  17.779496     70.976     0.002     2.478    -0.000     0.000     1.000     0.040     0.001
  51.877978  17.738733     58.969     0.007     2.058    -0.000     0.000     1.000     0.110     0.003
  52.379428  17.696696     54.778     0.007     1.912    -0.000     0.000     1.000     0.122     0.003
  52.880640  17.653388     17.097     0.001     0.597     0.000     0.000     1.000     0.021     0.001
  53.381607  17.608814     -6.855     0.008    -0.239     0.000    -0.000     1.000     0.139     0.004
  53.882324  17.562978    -15.733     0.014    -0.549     0.000    -0.000     1.000     0.231     0.006
  54.382783  17.515884    -23.352     0.010    -0.815     0.000    -0.000     1.000     0.169     0.004
  54.882979  17.467535    -27.801     0.000    -0.970     0.000    -0.000     1.000     0.008     0.000
  49.108145  17.505474     62.186     0.001     2.171    -0.000     0.000     1.000     0.024     0.001
  49.610573  17.471274     74.256     0.002     2.592    -0.000     0.000     1.000     0.040     0.001
  50.112810  17.435813    -80.004     0.005    -2.793    -0.000    -0.000     1.000     0.076     0.002
  50.614848  17.399095    -89.240     0.005    -3.115    -0.000    -0.000     1.000     0.087     0.002
  51.116680  17.361121     75.721     0.008     2.643    -0.000     0.000     1.000     0.132     0.003
  51.618302  17.321896     62.363     0.018     2.177    -0.000     0.000     1.000     0.292     0.008
  52.119706  17.281424     52.863     0.023     1.845    -0.000     0.000     1.000     0.390     0.010
  52.620886  17.239707     50.394     0.005     1.759    -0.000     0.000     1.000     0.080     0.002
  53.121836  17.196750    -11.865     0.005    -0.414     0.000    -0.000     1.000     0.079     0.002
  53.622551  17.152556    -19.465     0.016    -0.679     0.000    -0.000     1.000     0.261     0.007
  54.123024  17.107130    -17.459     0.012    -0.609     0.000    -0.000     1.000     0.205     0.005
  54.623249  17.060476     -0.497     0.000    -0.017     0.000    -0.000     1.000     0.007     0.000
  55.123222  17.012597     67.395     0.001     2.353    -0.000     0.000     1.000     0.017     0.000
  47.844585  17.143362     73.117     0.001     2.552    -0.000     0.000     1.000     0.018     0.000
  48.347251  17.113043     70.937     0.002     2.476    -0.000     0.000     1.000     0.037     0.001
  48.849751  17.081483     67.778     0.004     2.366    -0.000     0.000     1.000     0.062     0.002
  49.352078  17.048687     68.905     0.005     2.405    -0.000     0.000     1.000     0.090     0.002
  49.854224  17.014657    -85.598     0.006    -2.988    -0.000    -0.000     1.000     0.094     0.002
  50.356185  16.979396    -86.607     0.007    -3.023    -0.000    -0.000     1.000     0.119     0.003
  50.857954  16.942908     72.204     0.015     2.520    -0.000     0.000     1.000     0.244     0.006
  51.359526  16.905195     62.664     0.024     2.187    -0.000     0.000     1.000     0.400     0.010
  51.860893  16.866260     56.308     0.025     1.966    -0.000     0.000     1.000     0.419     0.011
  52.362050  16.826108     64.715     0.011     2.259    -0.000     0.000     1.000     0.183     0.005
  52.862992  16.784742     69.782     0.002     2.436    -0.000     0.000     1.000     0.029     0.001
  53.363713  16.742166    -19.082     0.007    -0.666     0.000    -0.000     1.000     0.110     0.003
  53.864206  16.698383    -20.190     0.006    -0.705     0.000    -0.000     1.000     0.101     0.003
  54.364467  16.653397    -12.804     0.002    -0.447     0.000    -0.000     1.000     0.038     0.001
  54.864490  16.607213     57.504     0.000     2.007    -0.000     0.000     1.000     0.007     0.000
  46.581659  16.771309     71.506     0.002     2.496    -0.000     0.000     1.000     0.026     0.001
  47.084506  16.744743     73.403     0.003     2.562    -0.000     0.000     1.000     0.042     0.001
  47.587210  16.716959     74.670     0.004     2.606    -0.000     0.000     1.000     0.063     0.002
  48.089764  16.687961     73.597     0.004     2.569    -0.000     0.000     1.000     0.074     0.002
  48.592162  16.657751     70.269     0.007     2.453    -0.000     0.000     1.000     0.110     0.003
  49.094399  16.626331     71.702     0.010     2.503    -0.000     0.000     1.000     0.166     0.004
  49.596468  16.593705    -86.798     0.014    -3.030    -0.000    -0.000     1.000     0.235     0.006
  50.098364  16.559875    -89.402     0.018    -3.121    -0.000    -0.000     1.000     0.291     0.008
  50.600080  16.524844     77.836     0.024     2.717    -0.000     0.000     1.000     0.407     0.011
  51.101611  16.488616     70.899     0.031     2.475    -0.000     0.000     1.000     0.518     0.013
  51.602952  16.451194     67.460     0.030     2.355    -0.000     0.000     1.000     0.498     0.013
  52.104096  16.412580     79.266     0.025     2.767    -0.000     0.000     1.000     0.412     0.011
  52.605038  16.372779     86.688     0.009     3.026    -0.000     0.000     1.000     0.149     0.004
  53.105772  16.331794    -43.251     0.002    -1.510     0.000    -0.000     1.000     0.028     0.001
  53.606294  16.289628    -13.602     0.002    -0.475     0.000    -0.000     1.000     0.032     0.001
  44.313127  16.432086     86.873     0.001     3.032    -0.000     0.000     1.000     0.014     0.000
  44.816328  16.411535     82.632     0.001     2.884    -0.000     0.000     1.000     0.017     0.000
  45.319420  16.389787     77.772     0.002     2.715    -0.000     0.000     1.000     0.041     0.001
  45.822396  16.366843     77.161     0.005     2.693    -0.000     0.000     1.000     0.080     0.002
  46.325251  16.342705     77.214     0.006     2.695    -0.000     0.000     1.000     0.101     0.003
  46.827978  16.317376     78.220     0.006     2.730    -0.000     0.000     1.000     0.107     0.003
  47.330572  16.290858     79.530     0.007     2.776    -0.000     0.000     1.000     0.120     0.003
  47.833028  16.263153     77.219     0.009     2.695    -0.000     0.000     1.000     0.150     0.004
  48.335338  16.234264     72.733     0.014     2.539    -0.000     0.000     1.000     0.240     0.006
  48.837498  16.204194     75.979     0.026     2.652    -0.000     0.000     1.000     0.432     0.011
  49.339502  16.172944     82.326     0.036     2.874    -0.001     0.000     1.000     0.601     0.016
  49.841344  16.140518     84.028     0.037     2.933    -0.001     0.000     1.000     0.618     0.016
  50.343019  16.106919     83.163     0.035     2.903    -0.001     0.000     1.000     0.587     0.015
  50.844521  16.072149     79.568     0.029     2.777    -0.000     0.000     1.000     0.482     0.013
  51.345845  16.036212     70.792     0.019     2.471    -0.000     0.000     1.000     0.311     0.008
  51.846985  15.999111     89.484     0.016     3.124    -0.000     0.000     1.000     0.264     0.007
  52.347936  15.960848    -75.048     0.008    -2.620    -0.000    -0.000     1.000     0.133     0.003
  52.848693  15.921429    -60.022     0.002    -2.095    -0.000    -0.000     1.000     0.027     0.001
  53.349250  15.880855     -3.491     0.002    -0.122     0.000    -0.000     1.000     0.025     0.001
  53.849603  15.839131      2.368     0.001     0.083     0.000     0.000     1.000     0.011     0.000
  42.548170  16.050616     42.926     0.002     1.498     0.000     0.000     1.000     0.035     0.001
  43.051498  16.034676     47.794     0.001     1.668    -0.000     0.000     1.000     0.021     0.001
  43.554742  16.017563     67.760     0.003     2.365    -0.000     0.000     1.000     0.048     0.001
  44.057897  15.999277     74.488     0.006     2.600    -0.000     0.000     1.000     0.104     0.003
  44.560958  15.979821     81.369     0.010     2.840    -0.000     0.000     1.000     0.158     0.004
  45.063917  15.959196     82.997     0.012     2.897    -0.000     0.000     1.000     0.206     0.005
  45.566770  15.937404     82.912     0.014     2.894    -0.000     0.000     1.000     0.240     0.006
  46.069511  15.914447     83.627     0.016     2.919    -0.000     0.000     1.000     0.259     0.007
  46.572134  15.890328     84.291     0.016     2.942    -0.000     0.000     1.000     0.273     0.007
  47.074634  15.865047     83.231     0.018     2.905    -0.000     0.000     1.000     0.292     0.008
  47.577004  15.838608     79.222     0.019     2.765    -0.000     0.000     1.000     0.317     0.008
  48.079241  15.811013     72.904     0.023     2.545    -0.000     0.000     1.000     0.384     0.010
  48.581337  15.782264     72.665     0.030     2.536    -0.000     0.000     1.000     0.500     0.013
  49.083289  15.752363     80.187     0.045     2.799    -0.001     0.000     1.000     0.744     0.019
  49.585089  15.721314     83.109     0.046     2.901    -0.001     0.000     1.000     0.771     0.020
  50.086734  15.689119     85.501     0.046     2.985    -0.001     0.000     1.000     0.770     0.020
  50.588218  15.655781     87.472     0.042     3.053    -0.001     0.000     1.000     0.696     0.018
  51.089535  15.621303     78.302     0.026     2.733    -0.000     0.000     1.000     0.433     0.011
  51.590681  15.585687    -80.729     0.018    -2.818    -0.000    -0.000     1.000     0.302     0.008
  52.091651  15.548938    -56.330     0.012    -1.966    -0.000    -0.000     1.000     0.192     0.005
  52.592439  15.511058    -37.717     0.005    -1.317     0.000    -0.000     1.000     0.079     0.002
  53.093040  15.472050     -9.123     0.001    -0.318     0.000    -0.000     1.000     0.022     0.001
  53.593450  15.431919      5.032     0.001     0.176     0.000     0.000     1.000     0.021     0.001
  41.790667  15.629047     52.136     0.002     1.820    -0.000     0.000     1.000     0.037     0.001
  42.293919  15.615232     46.425     0.007     1.621    -0.000     0.000     1.000     0.112     0.003
  42.797101  15.600271     40.971     0.012     1.430     0.000     0.000     1.000     0.195     0.005
  43.300207  15.584165     46.238     0.008     1.614    -0.000     0.000     1.000     0.137     0.004
  43.803231  15.566917     55.755     0.019     1.946    -0.000     0.000     1.000     0.318     0.008
  44.306168  15.548527     73.375     0.028     2.561    -0.000     0.000     1.000     0.468     0.012
  44.809012  15.528997     85.819     0.028     2.996    -0.000     0.000     1.000     0.460     0.012
  45.311758  15.508329     87.943     0.026     3.070    -0.000     0.000     1.000     0.424     0.011
  45.814401  15.486525     88.464     0.023     3.088    -0.000     0.000     1.000     0.383     0.010
  46.316935  15.463586     88.409     0.021     3.086    -0.000     0.000     1.000     0.343     0.009
  46.819355  15.439515     85.550     0.019     2.986    -0.000     0.000     1.000     0.322     0.008
  47.321656  15.414314     78.379     0.022     2.736    -0.000     0.000     1.000     0.367     0.010
  47.823832  15.387985     73.442     0.026     2.564    -0.000     0.000     1.000     0.434     0.011
  48.325879  15.360529     75.412     0.026     2.632    -0.000     0.000     1.000     0.425     0.011
  48.827790  15.331951     78.053     0.033     2.725    -0.001     0.000     1.000     0.551     0.014
  49.329562  15.302251     76.628     0.044     2.675    -0.001     0.000     1.000     0.724     0.019
  49.831189  15.271434     78.885     0.042     2.754    -0.001     0.000     1.000     0.690     0.018
  50.332665  15.239501     84.387     0.037     2.946    -0.001     0.000     1.000     0.611     0.016
  50.833987  15.206455    -89.959     0.028    -3.140    -0.000    -0.000     1.000     0.466     0.012
  51.335149  15.172299     89.893     0.014     3.138    -0.000     0.000     1.000     0.238     0.006
  51.836146  15.137036    -44.700     0.010    -1.560     0.000    -0.000     1.000     0.166     0.004
  52.336974  15.100669    -34.296     0.013    -1.197     0.000    -0.000     1.000     0.217     0.006
  52.837628  15.063202    -28.888     0.005    -1.008     0.000    -0.000     1.000     0.086     0.002
  53.338103  15.024637     -4.240     0.002    -0.148     0.000    -0.000     1.000     0.029     0.001
  53.838395  14.984978      9.058     0.001     0.316     0.000     0.000     1.000     0.012     0.000
  38.517257  15.247135    -22.491     0.004    -0.785     0.000    -0.000     1.000     0.060     0.002
  39.020649  15.240959    -23.302     0.007    -0.813     0.000    -0.000     1.000     0.121     0.003
  39.524009  15.233661    -35.315     0.003    -1.233     0.000    -0.000     1.000     0.052     0.001
  40.027332  15.225242    -54.820     0.003    -1.914    -0.000    -0.000     1.000     0.058     0.002
  40.530611  15.215703    -63.560     0.003    -2.219    -0.000    -0.000     1.000     0.050     0.001
  41.033842  15.205044    -85.099     0.001    -2.971    -0.000    -0.000     1.000     0.025     0.001
  41.537020  15.193267     53.899     0.004     1.881    -0.000     0.000     1.000     0.066     0.002
  42.040139  15.180372     47.743     0.010     1.667    -0.000     0.000     1.000     0.172     0.004
  42.543193  15.166361     41.314     0.021     1.442     0.000     0.000     1.000     0.344     0.009
  43.046179  15.151235     40.698     0.023     1.421     0.000     0.000     1.000     0.388     0.010
  43.549089  15.134995     38.863     0.022     1.357     0.000     0.000     1.000     0.363     0.009
  44.051920  15.117642     48.423     0.029     1.690    -0.000     0.000     1.000     0.479     0.012
  44.554666  15.099179     74.797     0.017     2.611    -0.000     0.000     1.000     0.281     0.007
  45.057323  15.079606     88.220     0.013     3.079    -0.000     0.000     1.000     0.216     0.006
  45.559883  15.058926     89.353     0.013     3.119    -0.000     0.000     1.000     0.208     0.005
  46.062344  15.037140     84.911     0.014     2.964    -0.000     0.000     1.000     0.239     0.006
  46.564700  15.014251     78.060     0.019     2.725    -0.000     0.000     1.000     0.317     0.008
  47.066945  14.990259     73.101     0.026     2.552    -0.000     0.000     1.000     0.426     0.011
  47.569075  14.965168     73.375     0.027     2.561    -0.000     0.000     1.000     0.453     0.012
  48.071085  14.938979     77.971     0.025     2.722    -0.000     0.000     1.000     0.412     0.011
  48.572970  14.911695     80.235     0.024     2.801    -0.000     0.000     1.000     0.404     0.011
  49.074725  14.883318     76.371     0.029     2.666    -0.000     0.000     1.000     0.487     0.013
  49.576346  14.853851     75.115     0.022     2.622    -0.000     0.000     1.000     0.364     0.009
  50.077827  14.823296     80.118     0.013     2.797    -0.000     0.000     1.000     0.220     0.006
  50.579164  14.791655     88.609     0.008     3.093    -0.000     0.000     1.000     0.135     0.004
  51.080352  14.758932    -79.600     0.005    -2.779    -0.000    -0.000     1.000     0.077     0.002
  51.581388  14.725129    -48.060     0.004    -1.678    -0.000    -0.000     1.000     0.074     0.002
  52.082265  14.690250    -34.327     0.011    -1.198     0.000    -0.000     1.000     0.190     0.005
  52.582980  14.654297    -32.859     0.014    -1.147     0.000    -0.000     1.000     0.233     0.006
  53.083528  14.617273    -28.342     0.006    -0.989     0.000    -0.000     1.000     0.101     0.003
  53.583906  14.579181     -8.514     0.002    -0.297     0.000    -0.000     1.000     0.029     0.001
  38.264822  14.807175    -22.764     0.001    -0.795     0.000    -0.000     1.000     0.018     0.000
  38.768069  14.801711    -30.001     0.006    -1.047     0.000    -0.000     1.000     0.092     0.002
  39.271288  14.795156    -57.102     0.010    -1.993    -0.000    -0.000     1.000     0.163     0.004
  39.774475  14.787509    -68.297     0.014    -2.384    -0.000    -0.000     1.000     0.235     0.006
  40.277623  14.778772    -67.655     0.014    -2.362    -0.000    -0.000     1.000     0.239     0.006
  40.780728  14.768946    -67.741     0.015    -2.365    -0.000    -0.000     1.000     0.244     0.006
  41.283786  14.758030     71.629     0.005     2.500    -0.000     0.000     1.000     0.079     0.002
  41.786790  14.746026     46.542     0.012     1.625    -0.000     0.000     1.000     0.199     0.005
  42.289736  14.732936     42.090     0.025     1.469     0.000     0.000     1.000     0.413     0.011
  42.792620  14.718760     44.145     0.034     1.541     0.000     0.001     1.000     0.557     0.015
  43.295435  14.703499     44.223     0.036     1.544     0.000     0.001     1.000     0.596     0.016
  43.798178  14.687156     48.134     0.026     1.680    -0.000     0.000     1.000     0.427     0.011
  44.300843  14.669730     66.121     0.018     2.308    -0.000     0.000     1.000     0.306     0.008
  44.803425  14.651224     74.578     0.008     2.603    -0.000     0.000     1.000     0.138     0.004
  45.305921  14.631640     75.682     0.008     2.642    -0.000     0.000     1.000     0.138     0.004
  45.808324  14.610979     70.366     0.013     2.456    -0.000     0.000     1.000     0.218     0.006
  46.310630  14.589242     66.527     0.020     2.322    -0.000     0.000     1.000     0.338     0.009
  46.812835  14.566433     65.458     0.023     2.285    -0.000     0.000     1.000     0.390     0.010
  47.314933  14.542552     67.727     0.020     2.364    -0.000     0.000     1.000     0.325     0.008
  47.816920  14.517602     72.120     0.013     2.517    -0.000     0.000     1.000     0.222     0.006
  48.318792  14.491585     75.499     0.010     2.635    -0.000     0.000     1.000     0.158     0.004
  48.820543  14.464503     76.593     0.008     2.674    -0.000     0.000     1.000     0.128     0.003
  49.322170  14.436358     73.337     0.005     2.560    -0.000     0.000     1.000     0.089     0.002
  49.823667  14.407154     76.226     0.002     2.661    -0.000     0.000     1.000     0.038     0.001
  50.325031  14.376892    -70.678     0.001    -2.467    -0.000    -0.000     1.000     0.018     0.000
  50.826257  14.345575    -51.952     0.001    -1.813    -0.000    -0.000     1.000     0.023     0.001
  51.327340  14.313206    -48.649     0.002    -1.698    -0.000    -0.000     1.000     0.029     0.001
  51.828276  14.279788    -41.887     0.004    -1.462     0.000    -0.000     1.000     0.071     0.002
  52.329062  14.245323    -35.676     0.011    -1.245     0.000    -0.000     1.000     0.187     0.005
  52.829692  14.209814    -33.227     0.015    -1.160     0.000    -0.000     1.000     0.246     0.006
  53.330163  14.173264    -27.849     0.007    -0.972     0.000    -0.000     1.000     0.123     0.003
  53.830470  14.135678    -19.064     0.002    -0.665     0.000    -0.000     1.000     0.026     0.001
  38.515762  14.363145    -22.000     0.001    -0.768     0.000    -0.000     1.000     0.019     0.001
  39.018862  14.357302    -30.710     0.005    -1.072     0.000    -0.000     1.000     0.083     0.002
  39.521933  14.350398    -63.483     0.007    -2.216    -0.000    -0.000     1.000     0.117     0.003
  40.024970  14.342434    -68.975     0.018    -2.408    -0.000    -0.000     1.000     0.301     0.008
  40.527970  14.333409    -64.935     0.031    -2.267    -0.000    -0.000     1.000     0.518     0.013
  41.030927  14.323326    -64.471     0.015    -2.250    -0.000    -0.000     1.000     0.245     0.006
  41.533836  14.312184     48.511     0.010     1.693    -0.000     0.000     1.000     0.171     0.004
  42.036693  14.299985     45.258     0.031     1.580    -0.000     0.001     1.000     0.512     0.013
  42.539493  14.286730     46.965     0.039     1.639    -0.000     0.001     1.000     0.648     0.017
  43.042231  14.272420     47.386     0.041     1.654    -0.000     0.001     1.000     0.687     0.018
  43.544903  14.257056     46.439     0.038     1.621    -0.000     0.001     1.000     0.625     0.016
  44.047504  14.240639     53.558     0.017     1.870    -0.000     0.000     1.000     0.287     0.007
  44.550030  14.223172     64.887     0.009     2.265    -0.000     0.000     1.000     0.153     0.004
  45.052476  14.204655     67.212     0.015     2.346    -0.000     0.000     1.000     0.246     0.006
  45.554837  14.185090     64.949     0.019     2.267    -0.000     0.000     1.000     0.323     0.008
  46.057110  14.164479     63.342     0.022     2.211    -0.000     0.000     1.000     0.360     0.009
  46.559288  14.142823     62.456     0.018     2.180    -0.000     0.000     1.000     0.296     0.008
  47.061369  14.120124     64.345     0.010     2.246    -0.000     0.000     1.000     0.173     0.005
  47.563348  14.096385     66.728     0.006     2.329    -0.000     0.000     1.000     0.101     0.003
  48.065220  14.071607     68.993     0.003     2.408    -0.000     0.000     1.000     0.049     0.001
  48.566980  14.045793     70.815     0.001     2.472    -0.000     0.000     1.000     0.013     0.000
  49.068626  14.018944     34.412     0.000     1.201     0.000     0.000     1.000     0.002     0.000
  49.570151  13.991064      2.687     0.000     0.094     0.000     0.000     1.000     0.004     0.000
  50.572827  13.932216    -33.737     0.001    -1.178     0.000    -0.000     1.000     0.011     0.000
  51.073969  13.901254    -51.026     0.001    -1.781    -0.000    -0.000     1.000     0.014     0.000
  51.574974  13.869270    -57.995     0.001    -2.024    -0.000    -0.000     1.000     0.025     0.001
  52.075839  13.836267    -46.642     0.004    -1.628    -0.000    -0.000     1.000     0.059     0.002
  52.576560  13.802247    -37.076     0.011    -1.294     0.000    -0.000     1.000     0.181     0.005
  53.077133  13.767214    -33.214     0.016    -1.159     0.000    -0.000     1.000     0.263     0.007
  53.577553  13.731170    -29.530     0.008    -1.031     0.000    -0.000     1.000     0.141     0.004
  54.077818  13.694119    -29.677     0.002    -1.036     0.000    -0.000     1.000     0.025     0.001
  36.754584  13.934540    -78.728     0.002    -2.748    -0.000    -0.000     1.000     0.032     0.001
  37.257633  13.932475     62.540     0.001     2.183    -0.000     0.000     1.000     0.016     0.000
  38.766693  13.920090     60.474     0.001     2.111    -0.000     0.000     1.000     0.021     0.001
  39.269670  13.913898    -15.132     0.001    -0.528     0.000    -0.000     1.000     0.019     0.001
  39.772617  13.906677    -79.954     0.007    -2.791    -0.000    -0.000     1.000     0.120     0.003
  40.275531  13.898425    -76.839     0.021    -2.682    -0.000    -0.000     1.000     0.346     0.009
  40.778407  13.889144    -71.602     0.029    -2.499    -0.000    -0.000     1.000     0.478     0.012
  41.281240  13.878835    -76.444     0.011    -2.668    -0.000    -0.000     1.000     0.185     0.005
  41.784026  13.867498     51.371     0.028     1.793    -0.000     0.000     1.000     0.473     0.012
  42.286761  13.855134     50.368     0.043     1.758    -0.000     0.001     1.000     0.707     0.018
  42.789441  13.841746     52.481     0.046     1.832    -0.000     0.001     1.000     0.765     0.020
  43.292060  13.827332     51.853     0.042     1.810    -0.000     0.001     1.000     0.694     0.018
  43.794614  13.811896     61.797     0.028     2.157    -0.000     0.000     1.000     0.472     0.012
  44.297100  13.795438     72.549     0.018     2.532    -0.000     0.000     1.000     0.291     0.008
  44.799513  13.777960     67.559     0.018     2.358    -0.000     0.000     1.000     0.296     0.008
  45.301849  13.759462     60.572     0.022     2.114    -0.000     0.000     1.000     0.358     0.009
  45.804103  13.739948     59.926     0.016     2.092    -0.000     0.000     1.000     0.269     0.007
  46.306271  13.719417     59.243     0.010     2.068    -0.000     0.000     1.000     0.170     0.004
  46.808349  13.697873     61.871     0.005     2.160    -0.000     0.000     1.000     0.089     0.002
  47.310333  13.675317     64.504     0.002     2.252    -0.000     0.000     1.000     0.036     0.001
  47.812218  13.651751     68.585     0.000     2.394    -0.000     0.000     1.000     0.003     0.000
  48.314002  13.627177     -7.174     0.000    -0.250     0.000    -0.000     1.000     0.003     0.000
  48.815678  13.601596    -11.813     0.000    -0.412     0.000    -0.000     1.000     0.007     0.000
  51.322325  13.458684    -68.203     0.000    -2.381    -0.000    -0.000     1.000     0.006     0.000
  51.823280  13.427117    -65.681     0.001    -2.293    -0.000    -0.000     1.000     0.014     0.000
  52.324101  13.394560    -49.207     0.003    -1.718    -0.000    -0.000     1.000     0.046     0.001
  52.824784  13.361017    -37.698     0.010    -1.316     0.000    -0.000     1.000     0.169     0.004
  53.325326  13.326491    -33.234     0.017    -1.160     0.000    -0.000     1.000     0.280     0.007
  53.825723  13.290984    -33.084     0.009    -1.155     0.000    -0.000     1.000     0.153     0.004
  54.325972  13.254500    -35.443     0.002    -1.237     0.000    -0.000     1.000     0.031     0.001
  36.502966  13.495529    -62.290     0.006    -2.174    -0.000    -0.000     1.000     0.093     0.002
  37.005928  13.494026    -78.986     0.007    -2.757    -0.000    -0.000     1.000     0.116     0.003
  37.508882  13.491521     18.165     0.003     0.634     0.000     0.000     1.000     0.057     0.001
  38.011823  13.488015     -5.769     0.003    -0.201     0.000    -0.000     1.000     0.042     0.001
  38.514747  13.483507     70.752     0.004     2.470    -0.000     0.000     1.000     0.059     0.002
  39.017650  13.477999     72.554     0.017     2.533    -0.000     0.000     1.000     0.276     0.007
  39.520527  13.471490     71.689     0.009     2.502    -0.000     0.000     1.000     0.146     0.004
  40.023375  13.463981     78.842     0.013     2.752    -0.000     0.000     1.000     0.216     0.006
  40.526190  13.455473     78.123     0.030     2.727    -0.000     0.000     1.000     0.501     0.013
  41.028966  13.445967     82.508     0.028     2.880    -0.000     0.000     1.000     0.463     0.012
  41.531701  13.435463     82.833     0.025     2.891    -0.000     0.000     1.000     0.418     0.011
  42.034390  13.423962     59.539     0.044     2.078    -0.000     0.001     1.000     0.735     0.019
  42.537028  13.411465     59.736     0.056     2.085    -0.000     0.001     1.000     0.937     0.024
  43.039612  13.397974     61.508     0.056     2.147    -0.001     0.001     1.000     0.933     0.024
  43.542137  13.383489     65.148     0.041     2.274    -0.000     0.001     1.000     0.679     0.018
  44.044600  13.368011     74.243     0.029     2.592    -0.000     0.000     1.000     0.486     0.013
  44.546997  13.351543     68.372     0.021     2.387    -0.000     0.000     1.000     0.343     0.009
  45.049323  13.334084     56.292     0.014     1.965    -0.000     0.000     1.000     0.237     0.006
  45.551574  13.315638     55.108     0.010     1.924    -0.000     0.000     1.000     0.173     0.005
  46.053746  13.296205     57.198     0.006     1.997    -0.000     0.000     1.000     0.100     0.003
  46.555837  13.275787     60.449     0.002     2.110    -0.000     0.000     1.000     0.036     0.001
  47.057840  13.254386    -70.741     0.000    -2.469    -0.000    -0.000     1.000     0.001     0.000
  47.559753  13.232004    -28.036     0.000    -0.979     0.000    -0.000     1.000     0.003     0.000
  48.061572  13.208642    -20.843     0.000    -0.728     0.000    -0.000     1.000     0.004     0.000
  52.072281  12.986740    -88.831     0.000    -3.101    -0.000    -0.000     1.000     0.004     0.000
  52.573084  12.954661    -45.475     0.002    -1.587    -0.000    -0.000     1.000     0.026     0.001
  53.073756  12.921626    -35.981     0.009    -1.256     0.000    -0.000     1.000     0.145     0.004
  53.574293  12.887638    -33.949     0.016    -1.185     0.000    -0.000     1.000     0.268     0.007
  54.074693  12.852700    -35.939     0.009    -1.254     0.000    -0.000     1.000     0.146     0.004
  54.574952  12.816814    -35.890     0.002    -1.253     0.000    -0.000     1.000     0.029     0.001
  36.251450  13.057259    -32.778     0.007    -1.144     0.000    -0.000     1.000     0.112     0.003
  36.754347  13.056287    -49.395     0.011    -1.724    -0.000    -0.000     1.000     0.185     0.005
  37.257238  13.054344    -26.522     0.005    -0.926     0.000    -0.000     1.000     0.081     0.002
  37.760120  13.051430    -30.796     0.010    -1.075     0.000    -0.000     1.000     0.174     0.005
  38.262987  13.047545    -70.107     0.002    -2.447    -0.000    -0.000     1.000     0.039     0.001
  38.765837  13.042690     83.165     0.017     2.903    -0.000     0.000     1.000     0.279     0.007
  39.268665  13.036864     80.194     0.032     2.799    -0.001     0.000     1.000     0.539     0.014
  39.771467  13.030068     65.286     0.022     2.279    -0.000     0.000     1.000     0.363     0.009
  40.274240  13.022304     62.179     0.023     2.170    -0.000     0.000     1.000     0.382     0.010
  40.776979  13.013570     67.734     0.059     2.364    -0.001     0.001     1.000     0.973     0.025
  41.279681  13.003869     66.768     0.058     2.331    -0.001     0.001     1.000     0.968     0.025
  41.782342  12.993202     61.147     0.057     2.134    -0.001     0.001     1.000     0.947     0.025
  42.284958  12.981568     61.840     0.064     2.159    -0.001     0.001     1.000     1.071     0.028
  42.787524  12.968969     64.371     0.062     2.247    -0.001     0.001     1.000     1.025     0.027
  43.290038  12.955406     66.412     0.048     2.318    -0.001     0.001     1.000     0.796     0.021
  43.792495  12.940880     69.007     0.036     2.409    -0.000     0.000     1.000     0.597     0.016
  44.294891  12.925393     67.895     0.028     2.370    -0.000     0.000     1.000     0.466     0.012
  44.797224  12.908945     71.375     0.019     2.491    -0.000     0.000     1.000     0.318     0.008
  45.299488  12.891539     61.206     0.009     2.136    -0.000     0.000     1.000     0.142     0.004
  45.801680  12.873175     56.714     0.003     1.980    -0.000     0.000     1.000     0.042     0.001
  46.303798  12.853855     40.288     0.000     1.406     0.000     0.000     1.000     0.001     0.000
  46.805835  12.833581    -32.724     0.000    -1.142     0.000    -0.000     1.000     0.004     0.000
  47.307790  12.812354    -28.854     0.000    -1.007     0.000    -0.000     1.000     0.003     0.000
  49.816197  12.691999     -6.413     0.000    -0.224     0.000    -0.000     1.000     0.001     0.000
  50.317580  12.665098     -6.486     0.000    -0.226     0.000    -0.000     1.000     0.001     0.000
  50.818855  12.637258     -4.666     0.000    -0.163     0.000    -0.000     1.000     0.001     0.000
  51.320019  12.608482     12.276     0.000     0.428     0.000     0.000     1.000     0.001     0.000
  51.821068  12.578773     47.127     0.000     1.645    -0.000     0.000     1.000     0.003     0.000
  52.322000  12.548133     57.379     0.000     2.003    -0.000     0.000     1.000     0.005     0.000
  52.822811  12.516564    -39.981     0.001    -1.396     0.000    -0.000     1.000     0.009     0.000
  53.323498  12.484069    -33.989     0.005    -1.186     0.000    -0.000     1.000     0.088     0.002
  53.824057  12.450650    -37.784     0.008    -1.319     0.000    -0.000     1.000     0.140     0.004
  54.324485  12.416312    -36.184     0.003    -1.263     0.000    -0.000     1.000     0.056     0.001
  35.497146  12.619249     12.811     0.002     0.447     0.000     0.000     1.000     0.030     0.001
  36.000000  12.619720     -7.113     0.010    -0.248     0.000    -0.000     1.000     0.163     0.004
  36.502854  12.619249    -12.289     0.020    -0.429     0.000    -0.000     1.000     0.328     0.009
  37.005705  12.617838    -21.240     0.015    -0.741     0.000    -0.000     1.000     0.243     0.006
  37.508548  12.615486    -46.153     0.014    -1.611    -0.000    -0.000     1.000     0.229     0.006
  38.011380  12.612193    -67.519     0.008    -2.357    -0.000    -0.000     1.000     0.136     0.004
  38.514197  12.607960     89.985     0.010     3.141    -0.000     0.000     1.000     0.166     0.004
  39.016996  12.602787     83.999     0.039     2.932    -0.001     0.000     1.000     0.654     0.017
  39.519772  12.596675     65.549     0.044     2.288    -0.000     0.001     1.000     0.733     0.019
  40.022523  12.589624     42.036     0.044     1.467     0.000     0.001     1.000     0.737     0.019
  40.525244  12.581634     45.585     0.079     1.591    -0.000     0.001     1.000     1.309     0.034
  41.027932  12.572707     58.117     0.088     2.029    -0.001     0.001     1.000     1.458     0.038
  41.530584  12.562843     57.260     0.072     1.999    -0.000     0.001     1.000     1.201     0.031
  42.033195  12.552042     61.168     0.058     2.135    -0.001     0.001     1.000     0.962     0.025
  42.535762  12.540307     64.770     0.049     2.261    -0.001     0.001     1.000     0.820     0.021
  43.038281  12.527637     66.421     0.039     2.319    -0.000     0.000     1.000     0.647     0.017
  43.540749  12.514034     67.279     0.035     2.348    -0.000     0.000     1.000     0.584     0.015
  44.043163  12.499499     68.876     0.032     2.404    -0.000     0.000     1.000     0.529     0.014
  44.545518  12.484033     75.346     0.020     2.630    -0.000     0.000     1.000     0.328     0.009
  45.047811  12.467638     77.297     0.008     2.698    -0.000     0.000     1.000     0.127     0.003
  45.550039  12.450314     72.193     0.001     2.520    -0.000     0.000     1.000     0.011     0.000
  46.052198  12.432064    -26.514     0.000    -0.926     0.000    -0.000     1.000     0.006     0.000
  46.554285  12.412889    -27.935     0.000    -0.975     0.000    -0.000     1.000     0.004     0.000
  47.056296  12.392790    -23.608     0.000    -0.824     0.000    -0.000     1.000     0.002     0.000
  47.558227  12.371770    -12.682     0.000    -0.443     0.000    -0.000     1.000     0.001     0.000
  48.060077  12.349829     -5.462     0.000    -0.191     0.000    -0.000     1.000     0.001     0.000
  48.561840  12.326971     -5.386     0.000    -0.188     0.000    -0.000     1.000     0.002     0.000
  49.063514  12.303196     -5.038     0.000    -0.176     0.000    -0.000     1.000     0.002     0.000
  49.565096  12.278506     -3.822     0.000    -0.133     0.000    -0.000     1.000     0.002     0.000
  50.066582  12.252904      0.107     0.000     0.004     0.000     0.000     1.000     0.001     0.000
  50.567968  12.226393     18.281     0.000     0.638     0.000     0.000     1.000     0.000     0.000
  51.069253  12.198973     67.923     0.000     2.371    -0.000     0.000     1.000     0.001     0.000
  51.570432  12.170648     71.836     0.000     2.508    -0.000     0.000     1.000     0.004     0.000
  52.071502  12.141419     68.785     0.000     2.401    -0.000     0.000     1.000     0.006     0.000
  52.572461  12.111290     65.132     0.001     2.274    -0.000     0.000     1.000     0.009     0.000
  53.073305  12.080262    -87.606     0.000    -3.058    -0.000    -0.000     1.000     0.002     0.000
  53.574032  12.048338    -38.143     0.002    -1.331     0.000    -0.000     1.000     0.025     0.001
  35.245753  12.181992     27.870     0.002     0.973     0.000     0.000     1.000     0.040     0.001
  35.748584  12.182902     21.437     0.006     0.748     0.000     0.000     1.000     0.103     0.003
  36.251417  12.182902     -8.909     0.010    -0.311     0.000    -0.000     1.000     0.159     0.004
  36.754248  12.181992    -34.737     0.012    -1.213     0.000    -0.000     1.000     0.197     0.005
  37.257073  12.180171    -65.592     0.014    -2.290    -0.000    -0.000     1.000     0.232     0.006
  37.759890  12.177441     89.765     0.007     3.133    -0.000     0.000     1.000     0.113     0.003
  38.262695  12.173800     43.496     0.004     1.518     0.000     0.000     1.000     0.066     0.002
  38.765485  12.169251     87.110     0.013     3.041    -0.000     0.000     1.000     0.221     0.006
  39.268256  12.163791     77.908     0.029     2.719    -0.000     0.000     1.000     0.474     0.012
  39.771004  12.157424     42.646     0.030     1.489     0.000     0.000     1.000     0.491     0.013
  40.273726  12.150148     34.128     0.085     1.191     0.001     0.001     1.000     1.412     0.037
  40.776420  12.141964     36.159     0.107     1.262     0.001     0.002     1.000     1.782     0.046
  41.279080  12.132874     36.679     0.084     1.280     0.000     0.001     1.000     1.387     0.036
  41.781705  12.122878     35.323     0.026     1.233     0.000     0.000     1.000     0.425     0.011
  42.284290  12.111976     67.033     0.028     2.340    -0.000     0.000     1.000     0.463     0.012
  42.786833  12.100170     65.719     0.028     2.294    -0.000     0.000     1.000     0.462     0.012
  43.289329  12.087461     59.038     0.023     2.061    -0.000     0.000     1.000     0.384     0.010
  43.791776  12.073849     60.395     0.013     2.108    -0.000     0.000     1.000     0.214     0.006
  44.294170  12.059336     74.906     0.004     2.615    -0.000     0.000     1.000     0.072     0.002
  44.796509  12.043924     87.460     0.002     3.053    -0.000     0.000     1.000     0.029     0.001
  45.298787  12.027612    -54.617     0.000    -1.907    -0.000    -0.000     1.000     0.006     0.000
  45.801004  12.010404    -20.029     0.000    -0.699     0.000    -0.000     1.000     0.006     0.000
  46.303154  11.992299    -17.473     0.000    -0.610     0.000    -0.000     1.000     0.004     0.000
  46.805235  11.973300    -10.596     0.000    -0.370     0.000    -0.000     1.000     0.002     0.000
  47.307244  11.953409     -5.779     0.000    -0.202     0.000    -0.000     1.000     0.002     0.000
  47.809178  11.932626     -3.776     0.000    -0.132     0.000    -0.000     1.000     0.001     0.000
  48.311033  11.910954      0.676     0.000     0.024     0.000     0.000     1.000     0.001     0.000
  48.812806  11.888394     42.271     0.000     1.476     0.000     0.000     1.000     0.000     0.000
  49.314495  11.864949     71.568     0.000     2.498    -0.000     0.000     1.000     0.001     0.000
  49.816096  11.840620     75.103     0.000     2.622    -0.000     0.000     1.000     0.003     0.000
  50.317605  11.815409     75.826     0.000     2.647    -0.000     0.000     1.000     0.005     0.000
  50.819021  11.789318     76.033     0.000     2.654    -0.000     0.000     1.000     0.006     0.000
  51.320340  11.762350     76.200     0.000     2.660    -0.000     0.000     1.000     0.006     0.000
  51.821559  11.734507     75.158     0.000     2.624    -0.000     0.000     1.000     0.004     0.000
  52.322675  11.705791     68.093     0.000     2.377    -0.000     0.000     1.000     0.003     0.000
  34.994338  11.745477     21.005     0.003     0.733     0.000     0.000     1.000     0.054     0.001
  35.497168  11.746796     13.659     0.010     0.477     0.000     0.000     1.000     0.167     0.004
  36.000000  11.747236    -21.412     0.007    -0.747     0.000    -0.000     1.000     0.120     0.003
  36.502833  11.746796    -36.664     0.019    -1.280     0.000    -0.000     1.000     0.315     0.008
  37.005662  11.745477    -47.130     0.012    -1.645    -0.000    -0.000     1.000     0.191     0.005
  37.508485  11.743278    -75.056     0.008    -2.620    -0.000    -0.000     1.000     0.133     0.003
  38.011299  11.740200     31.424     0.014     1.097     0.000     0.000     1.000     0.229     0.006
  38.514099  11.736243     29.552     0.015     1.032     0.000     0.000     1.000     0.244     0.006
  39.016884  11.731407     37.599     0.020     1.312     0.000     0.000     1.000     0.333     0.009
  39.519649  11.725693     40.659     0.033     1.419     0.000     0.001     1.000     0.540     0.014
  40.022392  11.719101     24.952     0.055     0.871     0.001     0.001     1.000     0.917     0.024
  40.525109  11.711631     26.395     0.065     0.921     0.001     0.001     1.000     1.074     0.028
  41.027798  11.703285     13.508     0.072     0.472     0.001     0.001     1.000     1.192     0.031
  41.530454  11.694063     -2.866     0.048    -0.100     0.001    -0.000     1.000     0.792     0.021
  42.033076  11.683966     67.620     0.011     2.360    -0.000     0.000     1.000     0.187     0.005
  42.535659  11.672995     68.960     0.029     2.407    -0.000     0.000     1.000     0.485     0.013
  43.038201  11.661150     56.334     0.020     1.966    -0.000     0.000     1.000     0.331     0.009
  43.540698  11.648433     49.876     0.005     1.741    -0.000     0.000     1.000     0.084     0.002
  44.043148  11.634844    -35.961     0.001    -1.255     0.000    -0.000     1.000     0.012     0.000
  44.545548  11.620385    -30.607     0.001    -1.068     0.000    -0.000     1.000     0.018     0.000
  45.047893  11.605057    -22.863     0.001    -0.798     0.000    -0.000     1.000     0.008     0.000
  45.550182  11.588861    -17.365     0.000    -0.606     0.000    -0.000     1.000     0.004     0.000
  46.052411  11.571799    -13.425     0.000    -0.469     0.000    -0.000     1.000     0.001     0.000
  46.554577  11.553872      1.920     0.000     0.067     0.000     0.000     1.000     0.000     0.000
  47.056678  11.535081     72.542     0.000     2.532    -0.000     0.000     1.000     0.001     0.000
  47.558709  11.515428     74.404     0.000     2.597    -0.000     0.000     1.000     0.001     0.000
  48.060669  11.494915     75.277     0.000     2.628    -0.000     0.000     1.000     0.002     0.000
  48.562555  11.473543     75.608     0.000     2.639    -0.000     0.000     1.000     0.004     0.000
  49.064363  11.451314     75.766     0.000     2.645    -0.000     0.000     1.000     0.005     0.000
  49.566090  11.428231     75.906     0.000     2.650    -0.000     0.000     1.000     0.006     0.000
  50.067734  11.404294     76.060     0.000     2.655    -0.000     0.000     1.000     0.005     0.000
  50.569293  11.379506     76.217     0.000     2.660    -0.000     0.000     1.000     0.004     0.000
  34.742869  11.309695     26.669     0.003     0.931     0.000     0.000     1.000     0.050     0.001
  35.245719  11.311393      6.274     0.009     0.219     0.000     0.000     1.000     0.143     0.004
  35.748573  11.312241    -23.545     0.012    -0.822     0.000    -0.000     1.000     0.198     0.005
  36.251428  11.312241    -46.778     0.020    -1.633    -0.000    -0.000     1.000     0.335     0.009
  36.754282  11.311393    -49.900     0.021    -1.742    -0.000    -0.000     1.000     0.348     0.009
  37.257131  11.309695    -59.228     0.013    -2.067    -0.000    -0.000     1.000     0.211     0.005
  37.759973  11.307149     88.806     0.003     3.100    -0.000     0.000     1.000     0.045     0.001
  38.262805  11.303754     51.490     0.008     1.797    -0.000     0.000     1.000     0.132     0.003
  38.765623  11.299511     36.854     0.016     1.286     0.000     0.000     1.000     0.273     0.007
  39.268425  11.294420     41.591     0.045     1.452     0.000     0.001     1.000     0.752     0.020
  39.771207  11.288482     39.396     0.075     1.375     0.000     0.001     1.000     1.244     0.032
  40.273967  11.281697     26.769     0.039     0.934     0.000     0.001     1.000     0.643     0.017
  40.776702  11.274066     -7.522     0.029    -0.263     0.000    -0.000     1.000     0.478     0.012
  41.279409  11.265589      5.688     0.012     0.199     0.000     0.000     1.000     0.192     0.005
  41.782085  11.256266     58.470     0.022     2.041    -0.000     0.000     1.000     0.369     0.010
  42.284727  11.246100     56.088     0.038     1.958    -0.000     0.001     1.000     0.632     0.016
  42.787331  11.235090     51.761     0.030     1.807    -0.000     0.000     1.000     0.495     0.013
  43.289896  11.223238     49.078     0.004     1.713    -0.000     0.000     1.000     0.070     0.002
  43.792418  11.210545    -36.833     0.001    -1.286     0.000    -0.000     1.000     0.023     0.001
  44.294895  11.197010    -32.471     0.001    -1.133     0.000    -0.000     1.000     0.013     0.000
  44.797323  11.182637    -23.374     0.000    -0.816     0.000    -0.000     1.000     0.005     0.000
  45.299700  11.167425    -11.619     0.000    -0.406     0.000    -0.000     1.000     0.001     0.000
  45.802022  11.151377     69.323     0.000     2.420    -0.000     0.000     1.000     0.001     0.000
  46.304288  11.134493     74.621     0.000     2.605    -0.000     0.000     1.000     0.001     0.000
  46.806494  11.116775     75.358     0.000     2.631    -0.000     0.000     1.000     0.003     0.000
  47.308638  11.098224     75.525     0.000     2.636    -0.000     0.000     1.000     0.005     0.000
  47.810716  11.078842     75.627     0.000     2.640    -0.000     0.000     1.000     0.006     0.000
  48.312727  11.058630     75.715     0.000     2.643    -0.000     0.000     1.000     0.006     0.000
  48.814667  11.037591     75.808     0.000     2.646    -0.000     0.000     1.000     0.004     0.000
  49.316533  11.015725     75.927     0.000     2.650    -0.000     0.000     1.000     0.003     0.000
  34.491314  10.874637     32.371     0.002     1.130     0.000     0.000     1.000     0.040     0.001
  34.994205  10.876682     25.164     0.005     0.878     0.000     0.000     1.000     0.087     0.002
  35.497101  10.877909    -29.199     0.009    -1.019     0.000    -0.000     1.000     0.145     0.004
  36.000000  10.878318    -39.492     0.015    -1.379     0.000    -0.000     1.000     0.256     0.007
  36.502899  10.877909    -52.783     0.017    -1.842    -0.000    -0.000     1.000     0.287     0.007
  37.005796  10.876682    -56.943     0.015    -1.988    -0.000    -0.000     1.000     0.244     0.006
  37.508687  10.874637    -62.224     0.003    -2.172    -0.000    -0.000     1.000     0.056     0.001
  38.011569  10.871774     83.900     0.004     2.929    -0.000     0.000     1.000     0.064     0.002
  38.514441  10.868094     53.239     0.001     1.858    -0.000     0.000     1.000     0.015     0.000
  39.017299  10.863596     40.998     0.024     1.431     0.000     0.000     1.000     0.406     0.011
  39.520140  10.858282     38.010     0.061     1.327     0.000     0.001     1.000     1.005     0.026
  40.022962  10.852151     40.646     0.032     1.419     0.000     0.001     1.000     0.536     0.014
  40.525762  10.845204     15.683     0.011     0.547     0.000     0.000     1.000     0.189     0.005
  41.028537  10.837442     46.069     0.013     1.608    -0.000     0.000     1.000     0.223     0.006
  41.531285  10.828865     52.234     0.028     1.823    -0.000     0.000     1.000     0.465     0.012
  42.034002  10.819475     47.316     0.040     1.652    -0.000     0.001     1.000     0.658     0.017
  42.536687  10.809271     40.878     0.022     1.427     0.000     0.000     1.000     0.364     0.009
  43.039336  10.798255     37.412     0.003     1.306     0.000     0.000     1.000     0.058     0.002
  43.541948  10.786427    -40.203     0.001    -1.403     0.000    -0.000     1.000     0.019     0.000
  44.044518  10.773789    -41.459     0.001    -1.447     0.000    -0.000     1.000     0.008     0.000
  44.547044  10.760341    -52.394     0.000    -1.829    -0.000    -0.000     1.000     0.001     0.000
  45.049525  10.746085     70.948     0.000     2.477    -0.000     0.000     1.000     0.002     0.000
  45.551956  10.731022     74.100     0.000     2.587    -0.000     0.000     1.000     0.004     0.000
  46.054337  10.715152     75.085     0.000     2.621    -0.000     0.000     1.000     0.005     0.000
  46.556663  10.698479     75.312     0.000     2.629    -0.000     0.000     1.000     0.006     0.000
  47.058932  10.681002     75.417     0.000     2.633    -0.000     0.000     1.000     0.006     0.000
  47.561143  10.662723     75.525     0.000     2.636    -0.000     0.000     1.000     0.004     0.000
  48.063292  10.643644     75.662     0.000     2.641    -0.000     0.000     1.000     0.002     0.000
  34.239641  10.440293     45.895     0.001     1.602    -0.000     0.000     1.000     0.015     0.000
  34.742594  10.442654     -5.894     0.001    -0.206     0.000    -0.000     1.000     0.015     0.000
  35.245554  10.444228    -39.473     0.008    -1.378     0.000    -0.000     1.000     0.133     0.003
  35.748518  10.445015    -25.464     0.016    -0.889     0.000    -0.000     1.000     0.268     0.007
  36.251483  10.445015    -46.107     0.008    -1.609    -0.000    -0.000     1.000     0.137     0.004
  36.754446  10.444228    -57.485     0.011    -2.007    -0.000    -0.000     1.000     0.178     0.005
  37.257406  10.442654    -72.069     0.003    -2.516    -0.000    -0.000     1.000     0.054     0.001
  37.760360  10.440293     50.087     0.002     1.748    -0.000     0.000     1.000     0.037     0.001
  38.263304  10.437144     26.093     0.001     0.911     0.000     0.000     1.000     0.023     0.001
  38.766238  10.433210     31.532     0.013     1.101     0.000     0.000     1.000     0.216     0.006
  39.269157  10.428489     33.986     0.038     1.186     0.000     0.001     1.000     0.626     0.016
  39.772059  10.422983     37.064     0.027     1.294     0.000     0.000     1.000     0.453     0.012
  40.274943  10.416691     41.797     0.025     1.459     0.000     0.000     1.000     0.419     0.011
  40.777805  10.409614     45.179     0.029     1.577    -0.000     0.000     1.000     0.480     0.012
  41.280643  10.401753     48.528     0.034     1.694    -0.000     0.001     1.000     0.559     0.015
  41.783454  10.393108     45.093     0.032     1.574    -0.000     0.001     1.000     0.525     0.014
  42.286237  10.383680     27.304     0.013     0.953     0.000     0.000     1.000     0.220     0.006
  42.788987  10.373471     -4.582     0.003    -0.160     0.000    -0.000     1.000     0.057     0.001
  43.291704  10.362479    -35.916     0.001    -1.254     0.000    -0.000     1.000     0.019     0.001
  43.794384  10.350708    -56.105     0.000    -1.958    -0.000    -0.000     1.000     0.005     0.000
  44.297025  10.338157     77.411     0.000     2.702    -0.000     0.000     1.000     0.004     0.000
  44.799625  10.324828     73.656     0.000     2.571    -0.000     0.000     1.000     0.006     0.000
  45.302181  10.310721     74.548     0.000     2.602    -0.000     0.000     1.000     0.006     0.000
  45.804690  10.295838     75.041     0.000     2.619    -0.000     0.000     1.000     0.005     0.000
  46.307151  10.280181     75.262     0.000     2.627    -0.000     0.000     1.000     0.003     0.000
  34.490856  10.009300     73.513     0.002     2.566    -0.000     0.000     1.000     0.033     0.001
  34.993900  10.011191    -44.902     0.007    -1.567     0.000    -0.000     1.000     0.112     0.003
  35.496949  10.012325    -28.348     0.013    -0.990     0.000    -0.000     1.000     0.216     0.006
  36.000000  10.012703    -18.376     0.010    -0.641     0.000    -0.000     1.000     0.162     0.004
  36.503052  10.012325    -56.293     0.009    -1.965    -0.000    -0.000     1.000     0.149     0.004
  37.006101  10.011191    -45.657     0.004    -1.594    -0.000    -0.000     1.000     0.061     0.002
  37.509145  10.009300     37.395     0.002     1.305     0.000     0.000     1.000     0.039     0.001
  38.012182  10.006654     42.548     0.012     1.485     0.000     0.000     1.000     0.195     0.005
  38.515210  10.003252     32.923     0.024     1.149     0.000     0.000     1.000     0.395     0.010
  39.018226   9.999094     24.790     0.032     0.865     0.000     0.000     1.000     0.529     0.014
  39.521228   9.994182     13.139     0.020     0.459     0.000     0.000     1.000     0.334     0.009
  40.024214   9.988514     29.084     0.020     1.015     0.000     0.000     1.000     0.331     0.009
  40.527181   9.982093     43.978     0.040     1.535     0.000     0.001     1.000     0.672     0.017
  41.030127   9.974917     51.632     0.041     1.802    -0.000     0.001     1.000     0.676     0.018
  41.533050   9.966989     52.602     0.024     1.836    -0.000     0.000     1.000     0.406     0.011
  42.035947   9.958308     55.848     0.005     1.949    -0.000     0.000     1.000     0.076     0.002
  42.538816   9.948875    -48.493     0.004    -1.693    -0.000    -0.000     1.000     0.068     0.002
  43.041655   9.938691    -43.063     0.001    -1.503     0.000    -0.000     1.000     0.021     0.001
  43.544462   9.927758    -83.311     0.000    -2.908    -0.000    -0.000     1.000     0.005     0.000
  44.047234   9.916074     75.665     0.000     2.641    -0.000     0.000     1.000     0.006     0.000
  44.549969   9.903643     72.865     0.000     2.543    -0.000     0.000     1.000     0.004     0.000
  45.052664   9.890464     73.525     0.000     2.566    -0.000     0.000     1.000     0.003     0.000
  34.238958   9.576612    -80.253     0.003    -2.801    -0.000    -0.000     1.000     0.051     0.001
  34.742108   9.578787    -68.665     0.007    -2.397    -0.000    -0.000     1.000     0.116     0.003
  35.245263   9.580237    -21.671     0.006    -0.756     0.000    -0.000     1.000     0.101     0.003
  35.748421   9.580962     -3.216     0.016    -0.112     0.000    -0.000     1.000     0.258     0.007
  36.251580   9.580962    -32.783     0.012    -1.144     0.000    -0.000     1.000     0.199     0.005
  36.754738   9.580237    -50.641     0.008    -1.768    -0.000    -0.000     1.000     0.141     0.004
  37.257893   9.578787     54.691     0.003     1.909    -0.000     0.000     1.000     0.056     0.001
  37.761042   9.576612     53.760     0.013     1.877    -0.000     0.000     1.000     0.223     0.006
  38.264184   9.573711     43.391     0.025     1.515     0.000     0.000     1.000     0.409     0.011
  38.767316   9.570087     27.810     0.033     0.971     0.000     0.000     1.000     0.548     0.014
  39.270437   9.565738     -7.740     0.031    -0.270     0.000    -0.000     1.000     0.508     0.013
  39.773543   9.560665      7.020     0.016     0.245     0.000     0.000     1.000     0.270     0.007
  40.276634   9.554868     41.083     0.031     1.434     0.000     0.001     1.000     0.512     0.013
  40.779706   9.548349     55.708     0.047     1.945    -0.000     0.001     1.000     0.781     0.020
  41.282758   9.541107     64.887     0.030     2.265    -0.000     0.000     1.000     0.502     0.013
  41.785787   9.533143     79.935     0.025     2.790    -0.000     0.000     1.000     0.407     0.011
  42.288792   9.524457    -89.238     0.010    -3.115    -0.000    -0.000     1.000     0.164     0.004
  42.791770   9.515052    -70.548     0.002    -2.463    -0.000    -0.000     1.000     0.030     0.001
  43.294720   9.504926    -65.553     0.000    -2.288    -0.000    -0.000     1.000     0.004     0.000
  34.490147   9.147008    -68.348     0.007    -2.386    -0.000    -0.000     1.000     0.112     0.003
  34.993428   9.148743    -46.278     0.005    -1.615    -0.000    -0.000     1.000     0.083     0.002
  35.496713   9.149784      1.382     0.008     0.048     0.000     0.000     1.000     0.134     0.003
  36.000000   9.150131    -20.219     0.007    -0.706     0.000    -0.000     1.000     0.112     0.003
  36.503287   9.149784    -56.480     0.010    -1.972    -0.000    -0.000     1.000     0.158     0.004
  37.006572   9.148743     86.097     0.006     3.005    -0.000     0.000     1.000     0.107     0.003
  37.509853   9.147008     57.135     0.012     1.994    -0.000     0.000     1.000     0.202     0.005
  38.013129   9.144579     39.498     0.022     1.379     0.000     0.000     1.000     0.359     0.009
  38.516396   9.141457     18.179     0.027     0.635     0.000     0.000     1.000     0.455     0.012
  39.019653   9.137641     -4.375     0.042    -0.153     0.001    -0.000     1.000     0.690     0.018
  39.522899   9.133132     -3.607     0.042    -0.126     0.001    -0.000     1.000     0.694     0.018
  40.026131   9.127930      9.685     0.043     0.338     0.001     0.000     1.000     0.706     0.018
  40.529348   9.122037     41.274     0.034     1.441     0.000     0.001     1.000     0.569     0.015
  41.032547   9.115451     61.304     0.036     2.140    -0.000     0.000     1.000     0.591     0.015
  41.535726   9.108174     67.874     0.020     2.369    -0.000     0.000     1.000     0.329     0.009
  42.038884   9.100207     77.522     0.011     2.706    -0.000     0.000     1.000     0.188     0.005
  34.237988   8.715845    -69.673     0.001    -2.432    -0.000    -0.000     1.000     0.016     0.000
  34.741415   8.717833    -16.962     0.000    -0.592     0.000    -0.000     1.000     0.003     0.000
  35.244848   8.719159      5.864     0.003     0.205     0.000     0.000     1.000     0.054     0.001
  35.748282   8.719822    -31.127     0.005    -1.087     0.000    -0.000     1.000     0.075     0.002
  36.251718   8.719822    -69.929     0.006    -2.441    -0.000    -0.000     1.000     0.100     0.003
  36.755153   8.719159    -86.498     0.008    -3.019    -0.000    -0.000     1.000     0.128     0.003
  37.258585   8.717833     75.312     0.009     2.629    -0.000     0.000     1.000     0.146     0.004
  37.762013   8.715845     52.366     0.014     1.828    -0.000     0.000     1.000     0.232     0.006
  38.265434   8.713194     40.940     0.016     1.429     0.000     0.000     1.000     0.265     0.007
  38.768848   8.709881     -8.941     0.037    -0.312     0.001    -0.000     1.000     0.611     0.016
  39.272251   8.705906    -12.012     0.048    -0.419     0.001    -0.000     1.000     0.803     0.021
  39.775643   8.701269     -4.513     0.046    -0.158     0.001    -0.000     1.000     0.757     0.020
  40.279022   8.695970     21.765     0.031     0.760     0.000     0.000     1.000     0.517     0.013
  40.782385   8.690011     38.757     0.016     1.353     0.000     0.000     1.000     0.270     0.007
  41.285732   8.683391     55.160     0.008     1.925    -0.000     0.000     1.000     0.136     0.004
  41.789060   8.676112     65.422     0.003     2.284    -0.000     0.000     1.000     0.053     0.001
  34.489194   8.287500     15.132     0.000     0.528     0.000     0.000     1.000     0.008     0.000
  34.992794   8.289078     20.898     0.001     0.729     0.000     0.000     1.000     0.024     0.001
  35.496396   8.290026    -22.625     0.003    -0.790     0.000    -0.000     1.000     0.057     0.001
  36.000000   8.290342    -57.730     0.003    -2.015    -0.000    -0.000     1.000     0.048     0.001
  36.503604   8.290026     88.434     0.008     3.087    -0.000     0.000     1.000     0.131     0.003
  37.007207   8.289078     70.287     0.008     2.453    -0.000     0.000     1.000     0.136     0.004
  37.510806   8.287500     60.963     0.012     2.128    -0.000     0.000     1.000     0.194     0.005
  38.014401   8.285289     53.374     0.014     1.863    -0.000     0.000     1.000     0.235     0.006
  38.517988   8.282448    -51.753     0.034    -1.807    -0.000    -0.001     1.000     0.571     0.015
  39.021568   8.278976    -53.184     0.111    -1.856    -0.001    -0.002     1.000     1.840     0.048
  39.525138   8.274873    -53.908     0.012    -1.882    -0.000    -0.000     1.000     0.198     0.005
  40.028697   8.270140     22.410     0.011     0.782     0.000     0.000     1.000     0.176     0.005
  40.532243   8.264777     34.805     0.010     1.215     0.000     0.000     1.000     0.165     0.004
  41.035775   8.258784     37.224     0.003     1.299     0.000     0.000     1.000     0.053     0.001
  41.539290   8.252162     25.655     0.001     0.896     0.000     0.000     1.000     0.012     0.000
  34.740522   7.859533      6.429     0.001     0.224     0.000     0.000     1.000     0.009     0.000
  35.244312   7.860733     -1.661     0.000    -0.058     0.000    -0.000     1.000     0.006     0.000
  35.748104   7.861334    -44.011     0.001    -1.536     0.000    -0.000     1.000     0.016     0.000
  36.251897   7.861334     70.195     0.001     2.450    -0.000     0.000     1.000     0.015     0.000
  36.755689   7.860733     35.658     0.008     1.245     0.000     0.000     1.000     0.138     0.004
  37.259479   7.859533     39.367     0.013     1.374     0.000     0.000     1.000     0.213     0.006
  37.763265   7.857733     42.660     0.011     1.489     0.000     0.000     1.000     0.189     0.005
  38.267046   7.855333    -57.179     0.048    -1.996    -0.000    -0.001     1.000     0.796     0.021
  38.770821   7.852333    -56.413     0.250    -1.969    -0.002    -0.004     1.000     4.152     0.108
  39.274587   7.848733    -56.419     0.097    -1.969    -0.001    -0.001     1.000     1.612     0.042
  39.778344   7.844534     41.896     0.013     1.462     0.000     0.000     1.000     0.212     0.006
  40.282091   7.839737     34.227     0.010     1.195     0.000     0.000     1.000     0.168     0.004
  40.785825   7.834341     33.389     0.003     1.165     0.000     0.000     1.000     0.042     0.001
  41.289545   7.828347     12.428     0.001     0.434     0.000     0.000     1.000     0.010     0.000
  34.488003   7.430515     -4.154     0.000    -0.145     0.000    -0.000     1.000     0.005     0.000
  34.992000   7.431936     -5.218     0.000    -0.182     0.000    -0.000     1.000     0.006     0.000
  35.495999   7.432789    -82.765     0.001    -2.889    -0.000    -0.000     1.000     0.013     0.000
  36.000000   7.433074    -77.310     0.001    -2.699    -0.000    -0.000     1.000     0.017     0.000
  36.504001   7.432789     40.778     0.001     1.423     0.000     0.000     1.000     0.024     0.001
  37.008001   7.431936     33.906     0.013     1.184     0.000     0.000     1.000     0.214     0.006
  37.511997   7.430515     32.533     0.020     1.136     0.000     0.000     1.000     0.324     0.008
  38.015990   7.428525    -50.848     0.022    -1.775    -0.000    -0.000     1.000     0.373     0.010
  38.519978   7.425966    -55.937     0.243    -1.953    -0.002    -0.004     1.000     4.040     0.105
  39.023959   7.422839    -54.831     0.145    -1.914    -0.001    -0.002     1.000     2.402     0.063
  39.527933   7.419145    -64.297     0.006    -2.244    -0.000    -0.000     1.000     0.097     0.003
  40.031897   7.414882     30.887     0.015     1.078     0.000     0.000     1.000     0.242     0.006
  40.535851   7.410053     18.476     0.005     0.645     0.000     0.000     1.000     0.075     0.002
  41.039793   7.404657      4.182     0.001     0.146     0.000     0.000     1.000     0.016     0.000
  34.739432   7.003626     -6.902     0.000    -0.241     0.000    -0.000     1.000     0.007     0.000
  35.243658   7.004700    -76.456     0.000    -2.669    -0.000    -0.000     1.000     0.004     0.000
  35.747886   7.005237    -79.429     0.001    -2.773    -0.000    -0.000     1.000     0.021     0.001
  36.252115   7.005237    -72.053     0.002    -2.515    -0.000    -0.000     1.000     0.027     0.001
  36.756343   7.004700     40.864     0.002     1.426     0.000     0.000     1.000     0.034     0.001
  37.260569   7.003626     37.150     0.016     1.297     0.000     0.000     1.000     0.268     0.007
  37.764792   7.002015     34.780     0.014     1.214     0.000     0.000     1.000     0.239     0.006
  38.269012   6.999866    -55.586     0.064    -1.940    -0.000    -0.001     1.000     1.062     0.028
  38.773226   6.997182    -56.093     0.094    -1.958    -0.001    -0.001     1.000     1.562     0.041
  39.277433   6.993960    -49.055     0.009    -1.712    -0.000    -0.000     1.000     0.144     0.004
  39.781634   6.990203     26.773     0.011     0.935     0.000     0.000     1.000     0.176     0.005
  40.285825   6.985909      1.697     0.004     0.059     0.000     0.000     1.000     0.069     0.002
  40.790007   6.981080    -23.998     0.003    -0.838     0.000    -0.000     1.000     0.051     0.001
  34.486578   6.575793     -4.481     0.000    -0.156     0.000    -0.000     1.000     0.004     0.000
  34.991051   6.577057     -9.078     0.000    -0.317     0.000    -0.000     1.000     0.007     0.000
  35.495525   6.577815    -80.683     0.001    -2.816    -0.000    -0.000     1.000     0.017     0.000
  36.000000   6.578068    -73.376     0.002    -2.561    -0.000    -0.000     1.000     0.032     0.001
  36.504476   6.577815    -75.036     0.001    -2.619    -0.000    -0.000     1.000     0.016     0.000
  37.008950   6.577057     39.391     0.006     1.375     0.000     0.000     1.000     0.105     0.003
  37.513422   6.575793     40.774     0.020     1.423     0.000     0.000     1.000     0.339     0.009
  38.017891   6.574025     50.086     0.014     1.748    -0.000     0.000     1.000     0.225     0.006
  38.522357   6.571750    -66.340     0.020    -2.316    -0.000    -0.000     1.000     0.331     0.009
  39.026816   6.568971    -54.499     0.002    -1.902    -0.000    -0.000     1.000     0.038     0.001
  39.531270   6.565688     26.043     0.005     0.909     0.000     0.000     1.000     0.084     0.002
  40.035717   6.561899    -23.198     0.003    -0.810     0.000    -0.000     1.000     0.051     0.001
  40.540155   6.557607    -39.049     0.003    -1.363     0.000    -0.000     1.000     0.053     0.001
  34.738149   6.149852     -9.216     0.000    -0.322     0.000    -0.000     1.000     0.006     0.000
  35.242889   6.150799    -64.375     0.000    -2.247    -0.000    -0.000     1.000     0.006     0.000
  35.747630   6.151273    -76.631     0.002    -2.675    -0.000    -0.000     1.000     0.031     0.001
  36.252371   6.151273    -85.039     0.001    -2.968    -0.000    -0.000     1.000     0.021     0.001
  36.757112   6.150799     40.818     0.006     1.425     0.000     0.000     1.000     0.099     0.003
  37.261852   6.149852     40.239     0.019     1.405     0.000     0.000     1.000     0.308     0.008
  37.766589   6.148431     43.122     0.017     1.505     0.000     0.000     1.000     0.287     0.007
  38.271323   6.146536     77.209     0.007     2.695    -0.000     0.000     1.000     0.125     0.003
  38.776053   6.144169     57.205     0.003     1.997    -0.000     0.000     1.000     0.044     0.001
  39.280779   6.141328     10.004     0.003     0.349     0.000     0.000     1.000     0.042     0.001
  39.785498   6.138014    -47.400     0.001    -1.655    -0.000    -0.000     1.000     0.022     0.001
  40.290211   6.134227    -49.502     0.002    -1.728    -0.000    -0.000     1.000     0.033     0.001
  34.989949   5.724181    -23.314     0.000    -0.814     0.000    -0.000     1.000     0.007     0.000
  35.494974   5.724844    -79.187     0.001    -2.764    -0.000    -0.000     1.000     0.025     0.001
  36.000000   5.725065     83.867     0.002     2.928    -0.000     0.000     1.000     0.030     0.001
  36.505026   5.724844     41.802     0.008     1.459     0.000     0.000     1.000     0.126     0.003
  37.010052   5.724181     39.541     0.020     1.380     0.000     0.000     1.000     0.338     0.009
  37.515076   5.723076     38.823     0.014     1.355     0.000     0.000     1.000     0.238     0.006
  38.020097   5.721530     45.661     0.003     1.594    -0.000     0.000     1.000     0.049     0.001
  38.525115   5.719542     64.605     0.000     2.255    -0.000     0.000     1.000     0.005     0.000
  39.030130   5.717113     24.763     0.001     0.864     0.000     0.000     1.000     0.025     0.001
  39.535140   5.714243    -60.608     0.001    -2.116    -0.000    -0.000     1.000     0.012     0.000
  40.040144   5.710932    -61.759     0.001    -2.156    -0.000    -0.000     1.000     0.022     0.001
  34.736678   5.297952    -29.026     0.000    -1.013     0.000    -0.000     1.000     0.003     0.000
  35.242006   5.298772    -84.357     0.001    -2.945    -0.000    -0.000     1.000     0.010     0.000
  35.747335   5.299182     74.187     0.002     2.590    -0.000     0.000     1.000     0.038     0.001
  36.252665   5.299182     42.663     0.009     1.489     0.000     0.000     1.000     0.157     0.004
  36.757995   5.298772     39.211     0.021     1.369     0.000     0.000     1.000     0.354     0.009
  37.263323   5.297952     37.080     0.011     1.294     0.000     0.000     1.000     0.188     0.005
  37.768650   5.296723     27.227     0.002     0.950     0.000     0.000     1.000     0.026     0.001
  38.273974   5.295083    -33.686     0.001    -1.176     0.000    -0.000     1.000     0.019     0.000
  38.779295   5.293035    -20.146     0.001    -0.703     0.000    -0.000     1.000     0.011     0.000
  39.284613   5.290577     27.991     0.000     0.977     0.000     0.000     1.000     0.006     0.000
  39.789926   5.287710    -73.296     0.001    -2.559    -0.000    -0.000     1.000     0.014     0.000
  34.483048   4.872104     56.703     0.000     1.979    -0.000     0.000     1.000     0.002     0.000
  34.988697   4.873049     54.864     0.000     1.915    -0.000     0.000     1.000     0.008     0.000
  35.494349   4.873615     61.080     0.003     2.132    -0.000     0.000     1.000     0.052     0.001
  36.000000   4.873804     43.412     0.012     1.515     0.000     0.000     1.000     0.195     0.005
  36.505652   4.873615     38.697     0.021     1.351     0.000     0.000     1.000     0.352     0.009
  37.011303   4.873049     35.257     0.009     1.231     0.000     0.000     1.000     0.143     0.004
  37.516953   4.872104      7.513     0.001     0.262     0.000     0.000     1.000     0.017     0.000
  38.022601   4.870782    -33.764     0.001    -1.179     0.000    -0.000     1.000     0.020     0.001
  38.528247   4.869083    -29.690     0.001    -1.036     0.000    -0.000     1.000     0.015     0.000
  39.033890   4.867006    -21.048     0.000    -0.735     0.000    -0.000     1.000     0.007     0.000
  39.539530   4.864552    -44.054     0.000    -1.538     0.000    -0.000     1.000     0.001     0.000
  33.723043   4.445248     54.467     0.000     1.901    -0.000     0.000     1.000     0.002     0.000
  34.229031   4.446630     50.707     0.000     1.770    -0.000     0.000     1.000     0.006     0.000
  34.735021   4.447667     48.002     0.001     1.676    -0.000     0.000     1.000     0.016     0.000
  35.241012   4.448358     48.884     0.005     1.706    -0.000     0.000     1.000     0.079     0.002
  35.747004   4.448704     43.985     0.013     1.535     0.000     0.000     1.000     0.209     0.005
  36.252996   4.448704     37.916     0.019     1.324     0.000     0.000     1.000     0.313     0.008
  36.758988   4.448358     31.808     0.006     1.110     0.000     0.000     1.000     0.099     0.003
  37.264979   4.447667     -6.812     0.001    -0.238     0.000    -0.000     1.000     0.018     0.000
  37.770969   4.446630    -32.420     0.001    -1.132     0.000    -0.000     1.000     0.018     0.000
  38.276958   4.445248    -32.207     0.001    -1.124     0.000    -0.000     1.000     0.010     0.000
  38.782944   4.443521    -27.700     0.000    -0.967     0.000    -0.000     1.000     0.004     0.000
  33.468255   4.020113     54.463     0.000     1.901    -0.000     0.000     1.000     0.006     0.000
  33.974602   4.021523     41.334     0.000     1.443     0.000     0.000     1.000     0.007     0.000
  34.480950   4.022619     38.508     0.002     1.344     0.000     0.000     1.000     0.030     0.001
  34.987299   4.023402     44.429     0.007     1.551     0.000     0.000     1.000     0.117     0.003
  35.493650   4.023872     43.372     0.013     1.514     0.000     0.000     1.000     0.216     0.006
  36.000000   4.024028     37.077     0.016     1.294     0.000     0.000     1.000     0.264     0.007
  36.506351   4.023872     29.383     0.005     1.026     0.000     0.000     1.000     0.075     0.002
  37.012701   4.023402     -7.127     0.001    -0.249     0.000    -0.000     1.000     0.015     0.000
  37.519051   4.022619    -34.716     0.001    -1.212     0.000    -0.000     1.000     0.011     0.000
  32.706287   3.593685     -6.744     0.000    -0.235     0.000    -0.000     1.000     0.005     0.000
  33.213009   3.595370     36.112     0.000     1.261     0.000     0.000     1.000     0.008     0.000
  33.719732   3.596773     79.371     0.001     2.771    -0.000     0.000     1.000     0.011     0.000
  34.226457   3.597896     32.087     0.002     1.120     0.000     0.000     1.000     0.034     0.001
  34.733183   3.598738     41.639     0.008     1.453     0.000     0.000     1.000     0.134     0.003
  35.239910   3.599300     43.217     0.013     1.509     0.000     0.000     1.000     0.208     0.005
  35.746637   3.599581     38.367     0.013     1.339     0.000     0.000     1.000     0.212     0.006
  36.253364   3.599581     35.526     0.004     1.240     0.000     0.000     1.000     0.063     0.002
  36.760091   3.599300     24.828     0.000     0.867     0.000     0.000     1.000     0.002     0.000
  37.266818   3.598738    -58.630     0.000    -2.047    -0.000    -0.000     1.000     0.007     0.000
  32.450162   3.169398    -58.738     0.002    -2.050    -0.000    -0.000     1.000     0.030     0.001
  32.957278   3.171010    -21.558     0.002    -0.753     0.000    -0.000     1.000     0.032     0.001
  33.464397   3.172375    -68.848     0.001    -2.403    -0.000    -0.000     1.000     0.019     0.000
  33.971516   3.173492     87.182     0.003     3.043    -0.000     0.000     1.000     0.042     0.001
  34.478636   3.174361     59.391     0.005     2.073    -0.000     0.000     1.000     0.082     0.002
  34.985757   3.174981     52.612     0.006     1.837    -0.000     0.000     1.000     0.102     0.003
  35.492879   3.175354     44.287     0.007     1.546     0.000     0.000     1.000     0.117     0.003
  36.000000   3.175478     40.756     0.003     1.423     0.000     0.000     1.000     0.051     0.001
  36.507122   3.175354     68.294     0.000     2.384    -0.000     0.000     1.000     0.006     0.000
  37.014243   3.174981    -81.229     0.001    -2.835    -0.000    -0.000     1.000     0.013     0.000
  32.193508   2.745521    -46.168     0.003    -1.612    -0.000    -0.000     1.000     0.056     0.001
  32.701038   2.747029    -46.439     0.005    -1.621    -0.000    -0.000     1.000     0.085     0.002
  33.208568   2.748322    -43.039     0.005    -1.502     0.000    -0.000     1.000     0.082     0.002
  33.716100   2.749399    -51.036     0.005    -1.781    -0.000    -0.000     1.000     0.085     0.002
  34.223633   2.750261    -71.599     0.004    -2.499    -0.000    -0.000     1.000     0.063     0.002
  34.731166   2.750908    -17.619     0.000    -0.615     0.000    -0.000     1.000     0.008     0.000
  35.238699   2.751339     58.653     0.002     2.047    -0.000     0.000     1.000     0.031     0.001
  35.746233   2.751555     30.135     0.002     1.052     0.000     0.000     1.000     0.027     0.001
  36.253767   2.751555     15.233     0.000     0.532     0.000     0.000     1.000     0.008     0.000
  36.761301   2.751339    -87.381     0.000    -3.050    -0.000    -0.000     1.000     0.001     0.000
  31.428341   2.320496    -81.362     0.001    -2.840    -0.000    -0.000     1.000     0.017     0.000
  31.936301   2.322049    -53.234     0.001    -1.858    -0.000    -0.000     1.000     0.015     0.000
  32.444261   2.323418    -35.637     0.004    -1.244     0.000    -0.000     1.000     0.061     0.002
  32.952222   2.324606    -34.153     0.008    -1.192     0.000    -0.000     1.000     0.138     0.004
  33.460184   2.325610    -34.305     0.005    -1.197     0.000    -0.000     1.000     0.086     0.002
  33.968146   2.326433    -56.374     0.002    -1.968    -0.000    -0.000     1.000     0.031     0.001
  34.476109   2.327072    -50.206     0.003    -1.753    -0.000    -0.000     1.000     0.051     0.001
  34.984073   2.327529    -43.098     0.003    -1.504     0.000    -0.000     1.000     0.055     0.001
  35.492036   2.327803     35.004     0.001     1.222     0.000     0.000     1.000     0.011     0.000
  36.000000   2.327895    -13.654     0.001    -0.477     0.000    -0.000     1.000     0.016     0.000
  36.507964   2.327803      0.300     0.000     0.010     0.000     0.000     1.000     0.008     0.000
  31.170106   1.897628    -86.071     0.002    -3.004    -0.000    -0.000     1.000     0.035     0.001
  31.678514   1.898975    -80.148     0.004    -2.798    -0.000    -0.000     1.000     0.062     0.002
  32.186922   1.900173    -67.374     0.002    -2.352    -0.000    -0.000     1.000     0.034     0.001
  32.695331   1.901221    -50.200     0.002    -1.752    -0.000    -0.000     1.000     0.025     0.001
  33.203741   1.902119      7.906     0.002     0.276     0.000     0.000     1.000     0.039     0.001
  33.712151   1.902868     39.751     0.004     1.388     0.000     0.000     1.000     0.071     0.002
  34.220562   1.903468     48.841     0.003     1.705    -0.000     0.000     1.000     0.044     0.001
  34.728972   1.903917    -46.714     0.004    -1.631    -0.000    -0.000     1.000     0.069     0.002
  35.237383   1.904217    -41.219     0.001    -1.439     0.000    -0.000     1.000     0.014     0.000
  35.745795   1.904367    -35.280     0.000    -1.231     0.000    -0.000     1.000     0.002     0.000
  36.254206   1.904367    -10.763     0.001    -0.376     0.000    -0.000     1.000     0.018     0.000
  36.762617   1.904217    -22.077     0.000    -0.771     0.000    -0.000     1.000     0.005     0.000
  30.911249   1.475186     89.577     0.001     3.127    -0.000     0.000     1.000     0.013     0.000
  31.420123   1.476294    -89.803     0.003    -3.135    -0.000    -0.000     1.000     0.052     0.001
  31.928997   1.477286    -76.817     0.004    -2.681    -0.000    -0.000     1.000     0.061     0.002
  32.437871   1.478161    -78.619     0.002    -2.744    -0.000    -0.000     1.000     0.029     0.001
  32.946746   1.478919     52.306     0.004     1.826    -0.000     0.000     1.000     0.069     0.002
  33.455621   1.479561     46.459     0.010     1.622    -0.000     0.000     1.000     0.162     0.004
  33.964497   1.480087     49.414     0.006     1.725    -0.000     0.000     1.000     0.104     0.003
  34.473373   1.480495     67.562     0.001     2.358    -0.000     0.000     1.000     0.016     0.000
  34.982248   1.480787    -81.217     0.000    -2.835    -0.000    -0.000     1.000     0.006     0.000
  35.491124   1.480962     68.796     0.001     2.401    -0.000     0.000     1.000     0.015     0.000
  36.000000   1.481021     66.020     0.001     2.305    -0.000     0.000     1.000     0.012     0.000
  36.508876   1.480962    -42.990     0.000    -1.501     0.000    -0.000     1.000     0.005     0.000
  31.161103   1.054000     81.889     0.001     2.858    -0.000     0.000     1.000     0.023     0.001
  31.670460   1.054751     74.036     0.003     2.584    -0.000     0.000     1.000     0.053     0.001
  32.179817   1.055419     75.932     0.002     2.651    -0.000     0.000     1.000     0.037     0.001
  32.689174   1.056004     43.103     0.004     1.505     0.000     0.000     1.000     0.068     0.002
  33.198532   1.056505     43.444     0.010     1.516     0.000     0.000     1.000     0.172     0.004
  33.707890   1.056923     54.275     0.006     1.895    -0.000     0.000     1.000     0.094     0.002
  34.217247   1.057257     79.939     0.003     2.790    -0.000     0.000     1.000     0.044     0.001
  34.726605   1.057508     68.773     0.002     2.401    -0.000     0.000     1.000     0.038     0.001
  35.235963   1.057675     60.376     0.004     2.108    -0.000     0.000     1.000     0.066     0.002
  35.745321   1.057759     68.001     0.005     2.374    -0.000     0.000     1.000     0.085     0.002
  36.254679   1.057759     74.682     0.003     2.607    -0.000     0.000     1.000     0.055     0.001
  36.764037   1.057675     82.787     0.000     2.890    -0.000     0.000     1.000     0.008     0.000
  31.411287   0.632564     83.163     0.003     2.903    -0.000     0.000     1.000     0.055     0.001
  31.921144   0.632991     69.382     0.004     2.422    -0.000     0.000     1.000     0.064     0.002
  32.431001   0.633367     36.429     0.005     1.272     0.000     0.000     1.000     0.085     0.002
  32.940858   0.633694     40.185     0.010     1.403     0.000     0.000     1.000     0.173     0.004
  33.450715   0.633970     55.279     0.005     1.930    -0.000     0.000     1.000     0.085     0.002
  33.960572   0.634196     77.341     0.005     2.700    -0.000     0.000     1.000     0.085     0.002
  34.470429   0.634372     74.519     0.006     2.601    -0.000     0.000     1.000     0.097     0.003
  34.980286   0.634498     56.098     0.006     1.958    -0.000     0.000     1.000     0.104     0.003
  35.490143   0.634573     51.783     0.006     1.808    -0.000     0.000     1.000     0.092     0.002
  36.000000   0.634598     53.804     0.003     1.878    -0.000     0.000     1.000     0.057     0.001
  36.509857   0.634573     67.930     0.001     2.371    -0.000     0.000     1.000     0.014     0.000
  31.151453   0.210719    -82.484     0.001    -2.879    -0.000    -0.000     1.000     0.012     0.000
  31.661826   0.210870    -79.499     0.001    -2.775    -0.000    -0.000     1.000     0.025     0.001
  32.172200   0.211004     51.665     0.002     1.803    -0.000     0.000     1.000     0.041     0.001
  32.682573   0.211121     45.688     0.012     1.595    -0.000     0.000     1.000     0.205     0.005
  33.192946   0.211222     62.996     0.006     2.199    -0.000     0.000     1.000     0.102     0.003
  33.703320   0.211306     75.662     0.005     2.641    -0.000     0.000     1.000     0.089     0.002
  34.213693   0.211373     76.565     0.004     2.673    -0.000     0.000     1.000     0.072     0.002
  34.724067   0.211423     57.361     0.003     2.002    -0.000     0.000     1.000     0.044     0.001
  35.234440   0.211457     34.480     0.004     1.204     0.000     0.000     1.000     0.067     0.002
  35.744814   0.211473     27.348     0.004     0.955     0.000     0.000     1.000     0.071     0.002
  36.255187   0.211473     32.348     0.001     1.129     0.000     0.000     1.000     0.010     0.000
  31.401834  -0.210512    -48.580     0.000    -1.696    -0.000    -0.000     1.000     0.006     0.000
  31.912741  -0.210655    -79.313     0.000    -2.769    -0.000    -0.000     1.000     0.003     0.000
  32.423648  -0.210781     55.943     0.003     1.953    -0.000     0.000     1.000     0.051     0.001
  32.934556  -0.210890     61.239     0.003     2.138    -0.000     0.000     1.000     0.044     0.001
  33.445463  -0.210982     75.736     0.002     2.644    -0.000     0.000     1.000     0.027     0.001
  34.978185  -0.211158     29.157     0.001     1.018     0.000     0.000     1.000     0.011     0.000
  35.489093  -0.211184     20.782     0.001     0.725     0.000     0.000     1.000     0.023     0.001
  36.000000  -0.211192     -9.940     0.000    -0.347     0.000    -0.000     1.000     0.008     0.000
  36.510908  -0.211184    -40.365     0.000    -1.409     0.000    -0.000     1.000     0.006     0.000
  31.652613  -0.630231    -26.976     0.000    -0.942     0.000    -0.000     1.000     0.005     0.000
  32.164070  -0.630634     17.031     0.000     0.594     0.000     0.000     1.000     0.003     0.000
  32.675527  -0.630986     53.912     0.000     1.882    -0.000     0.000     1.000     0.004     0.000
  33.186984  -0.631288    -83.072     0.000    -2.900    -0.000    -0.000     1.000     0.003     0.000
  35.232814  -0.631993    -24.799     0.001    -0.866     0.000    -0.000     1.000     0.009     0.000
  35.744272  -0.632044    -37.824     0.001    -1.320     0.000    -0.000     1.000     0.014     0.000
  36.255729  -0.632044    -47.513     0.001    -1.659    -0.000    -0.000     1.000     0.021     0.001
