  43.169953  24.236189     -7.658     0.000    -0.267     0.000    -0.000     1.000     0.000     0.000
  43.681086  24.211263    -27.529     0.000    -0.961     0.000    -0.000     1.000     0.000     0.000
  44.192012  24.184632    -38.736     0.000    -1.352     0.000    -0.000     1.000     0.000     0.000
  42.904317  23.778637      3.089     0.000     0.108     0.000     0.000     1.000     0.000     0.000
  43.414846  23.754984    -11.494     0.000    -0.401     0.000    -0.000     1.000     0.000     0.000
  43.925182  23.729654     -6.095     0.000    -0.213     0.000    -0.000     1.000     0.000     0.000
  44.435314  23.702650     59.735     0.000     2.085    -0.000     0.000     1.000     0.003     0.000
  44.945228  23.673975     57.446     0.002     2.005    -0.000     0.000     1.000     0.011     0.000
  45.454912  23.643632     55.305     0.002     1.931    -0.000     0.000     1.000     0.017     0.000
  45.964353  23.611624     52.303     0.001     1.826    -0.000     0.000     1.000     0.004     0.000
  44.169098  23.249846     49.200     0.001     1.717    -0.000     0.000     1.000     0.006     0.000
  44.678475  23.222499     57.939     0.004     2.022    -0.000     0.000     1.000     0.025     0.001
  45.187637  23.193512     54.271     0.004     1.894    -0.000     0.000     1.000     0.024     0.001
  45.696572  23.162888     49.200     0.001     1.717    -0.000     0.000     1.000     0.007     0.000
  43.394969  22.822312    -20.079     0.001    -0.701     0.000    -0.000     1.000     0.006     0.000
  43.904017  22.797879      3.014     0.001     0.105     0.000     0.000     1.000     0.009     0.000
  44.412877  22.771832     37.791     0.003     1.319     0.000     0.000     1.000     0.018     0.000
  44.921537  22.744172     39.738     0.002     1.387     0.000     0.000     1.000     0.011     0.000
  45.429985  22.714903     41.506     0.001     1.449     0.000     0.000     1.000     0.006     0.000
  42.113919  22.411543    -20.750     0.001    -0.724     0.000    -0.000     1.000     0.004     0.000
  42.622774  22.391533    -23.576     0.001    -0.823     0.000    -0.000     1.000     0.007     0.000
  43.131478  22.369931    -26.958     0.002    -0.941     0.000    -0.000     1.000     0.010     0.000
  43.640017  22.346741    -19.750     0.002    -0.689     0.000    -0.000     1.000     0.013     0.000
  44.148382  22.321963      4.441     0.003     0.155     0.000     0.000     1.000     0.019     0.000
  44.656561  22.295602     25.828     0.002     0.902     0.000     0.000     1.000     0.012     0.000
  45.164542  22.267659     28.555     0.001     0.997     0.000     0.000     1.000     0.004     0.000
  40.835380  21.990685    -81.181     0.001    -2.834    -0.000    -0.000     1.000     0.005     0.000
  41.343972  21.974962    -65.184     0.001    -2.275    -0.000    -0.000     1.000     0.004     0.000
  41.852446  21.957672    -51.024     0.001    -1.781    -0.000    -0.000     1.000     0.005     0.000
  42.360790  21.938817    -54.226     0.001    -1.893    -0.000    -0.000     1.000     0.005     0.000
  42.868995  21.918400    -48.402     0.001    -1.690    -0.000    -0.000     1.000     0.007     0.000
  43.377047  21.896422    -32.209     0.002    -1.124     0.000    -0.000     1.000     0.015     0.000
  43.884938  21.872886     10.623     0.003     0.371     0.000     0.000     1.000     0.021     0.001
  44.392655  21.847794     23.243     0.002     0.811     0.000     0.000     1.000     0.014     0.000
  44.900189  21.821149     27.756     0.001     0.969     0.000     0.000     1.000     0.005     0.000
  40.067648  21.548664    -86.080     0.001    -3.005    -0.000    -0.000     1.000     0.008     0.000
  40.575828  21.535547    -85.931     0.003    -3.000    -0.000    -0.000     1.000     0.021     0.001
  41.083910  21.520892    -85.718     0.004    -2.992    -0.000    -0.000     1.000     0.025     0.001
  41.591885  21.504700    -87.986     0.004    -3.071    -0.000    -0.000     1.000     0.029     0.001
  42.099741  21.486972    -89.064     0.005    -3.109    -0.000    -0.000     1.000     0.034     0.001
  42.607469  21.467710    -83.434     0.005    -2.912    -0.000    -0.000     1.000     0.032     0.001
  43.115056  21.446916    -49.079     0.002    -1.713    -0.000    -0.000     1.000     0.012     0.000
  43.622494  21.424592     17.825     0.003     0.622     0.000     0.000     1.000     0.021     0.001
  44.129771  21.400740     25.130     0.003     0.877     0.000     0.000     1.000     0.017     0.000
  44.636878  21.375364     29.054     0.001     1.014     0.000     0.000     1.000     0.005     0.000
  40.317089  21.081358    -88.306     0.003    -3.082    -0.000    -0.000     1.000     0.022     0.001
  40.824686  21.067742    -89.455     0.005    -3.123    -0.000    -0.000     1.000     0.032     0.001
  41.332186  21.052618     89.879     0.005     3.137    -0.000     0.000     1.000     0.033     0.001
  41.839577  21.035987     89.542     0.005     3.126    -0.000     0.000     1.000     0.032     0.001
  42.346850  21.017851    -89.240     0.004    -3.115    -0.000    -0.000     1.000     0.028     0.001
  42.853995  20.998211    -85.929     0.001    -2.999    -0.000    -0.000     1.000     0.008     0.000
  43.361001  20.977071     21.304     0.003     0.744     0.000     0.000     1.000     0.019     0.000
  43.867858  20.954431     25.520     0.003     0.891     0.000     0.000     1.000     0.020     0.001
  44.374557  20.930294     28.863     0.001     1.008     0.000     0.000     1.000     0.006     0.000
  43.100410  20.530313     22.895     0.003     0.799     0.000     0.000     1.000     0.019     0.000
  43.606868  20.508856     24.958     0.003     0.871     0.000     0.000     1.000     0.023     0.001
  44.113180  20.485930     27.572     0.001     0.962     0.000     0.000     1.000     0.007     0.000
  42.840674  20.084311     22.511     0.003     0.786     0.000     0.000     1.000     0.018     0.000
  43.346753  20.064007     24.539     0.004     0.857     0.000     0.000     1.000     0.025     0.001
  43.852698  20.042264     26.471     0.001     0.924     0.000     0.000     1.000     0.007     0.000
  42.581746  19.639054     22.637     0.002     0.790     0.000     0.000     1.000     0.015     0.000
  43.087468  19.619875     24.230     0.004     0.846     0.000     0.000     1.000     0.027     0.001
  43.593065  19.599284     25.867     0.001     0.903     0.000     0.000     1.000     0.008     0.000
  42.323581  19.194532     22.847     0.002     0.798     0.000     0.000     1.000     0.011     0.000
  42.828966  19.176448     24.000     0.004     0.838     0.000     0.000     1.000     0.029     0.001
  43.334235  19.156982     25.418     0.001     0.887     0.000     0.000     1.000     0.008     0.000
  42.066134  18.750735     23.282     0.001     0.813     0.000     0.000     1.000     0.009     0.000
  42.571202  18.733718     23.794     0.004     0.831     0.000     0.000     1.000     0.029     0.001
  43.076165  18.715347     24.854     0.001     0.868     0.000     0.000     1.000     0.009     0.000
  42.314134  18.291673     23.742     0.003     0.829     0.000     0.000     1.000     0.022     0.001
  42.818809  18.274368     24.102     0.002     0.841     0.000     0.000     1.000     0.012     0.000
  50.874389  17.818981    -85.488     0.003    -2.984    -0.000    -0.000     1.000     0.020     0.001
  51.376297  17.779496     74.447     0.003     2.599    -0.000     0.000     1.000     0.021     0.001
  51.877978  17.738733     63.475     0.006     2.216    -0.000     0.000     1.000     0.041     0.001
  52.379428  17.696696     59.781     0.007     2.087    -0.000     0.000     1.000     0.045     0.001
  52.880640  17.653388     29.615     0.001     1.034     0.000     0.000     1.000     0.009     0.000
  53.381607  17.608814      9.583     0.008     0.335     0.000     0.000     1.000     0.054     0.001
  53.882324  17.562978      8.076     0.013     0.282     0.000     0.000     1.000     0.084     0.002
  54.382783  17.515884      5.985     0.011     0.209     0.000     0.000     1.000     0.074     0.002
  54.882979  17.467535      3.359     0.006     0.117     0.000     0.000     1.000     0.039     0.001
  49.108145  17.505474     -5.028     0.002    -0.176     0.000    -0.000     1.000     0.011     0.000
  49.610573  17.471274    -40.283     0.001    -1.406     0.000    -0.000     1.000     0.008     0.000
  50.112810  17.435813    -72.858     0.014    -2.543    -0.000    -0.000     1.000     0.090     0.002
  50.614848  17.399095    -78.174     0.013    -2.729    -0.000    -0.000     1.000     0.085     0.002
  51.116680  17.361121    -89.911     0.009    -3.138    -0.000    -0.000     1.000     0.058     0.001
  51.618302  17.321896     65.543     0.011     2.288    -0.000     0.000     1.000     0.072     0.002
  52.119706  17.281424     52.201     0.013     1.822    -0.000     0.000     1.000     0.088     0.002
  52.620886  17.239707     48.946     0.002     1.709    -0.000     0.000     1.000     0.014     0.000
  53.121836  17.196750      3.504     0.007     0.122     0.000     0.000     1.000     0.046     0.001
  53.622551  17.152556      2.990     0.022     0.104     0.000     0.000     1.000     0.145     0.004
  54.123024  17.107130      1.897     0.027     0.066     0.000     0.000     1.000     0.179     0.005
  54.623249  17.060476      1.143     0.021     0.040     0.000     0.000     1.000     0.143     0.004
  55.123222  17.012597     -1.612     0.004    -0.056     0.000    -0.000     1.000     0.026     0.001
  47.844585  17.143362    -17.585     0.002    -0.614     0.000    -0.000     1.000     0.013     0.000
  48.347251  17.113043    -18.151     0.002    -0.634     0.000    -0.000     1.000     0.017     0.000
  48.849751  17.081483     -7.966     0.003    -0.278     0.000    -0.000     1.000     0.019     0.000
  49.352078  17.048687     19.573     0.003     0.683     0.000     0.000     1.000     0.022     0.001
  49.854224  17.014657    -76.938     0.005    -2.686    -0.000    -0.000     1.000     0.031     0.001
  50.356185  16.979396    -67.897     0.017    -2.370    -0.000    -0.000     1.000     0.114     0.003
  50.857954  16.942908    -75.472     0.016    -2.634    -0.000    -0.000     1.000     0.107     0.003
  51.359526  16.905195     83.744     0.014     2.923    -0.000     0.000     1.000     0.094     0.002
  51.860893  16.866260     76.432     0.011     2.668    -0.000     0.000     1.000     0.071     0.002
  52.362050  16.826108     71.365     0.003     2.491    -0.000     0.000     1.000     0.022     0.001
  52.862992  16.784742     -0.834     0.001    -0.029     0.000    -0.000     1.000     0.007     0.000
  53.363713  16.742166     -4.747     0.008    -0.166     0.000    -0.000     1.000     0.051     0.001
  53.864206  16.698383     -4.402     0.011    -0.154     0.000    -0.000     1.000     0.075     0.002
  54.364467  16.653397     -2.775     0.009    -0.097     0.000    -0.000     1.000     0.060     0.002
  54.864490  16.607213     -1.832     0.004    -0.064     0.000    -0.000     1.000     0.024     0.001
  46.581659  16.771309    -12.840     0.001    -0.448     0.000    -0.000     1.000     0.010     0.000
  47.084506  16.744743    -16.287     0.002    -0.569     0.000    -0.000     1.000     0.015     0.000
  47.587210  16.716959    -22.203     0.002    -0.775     0.000    -0.000     1.000     0.014     0.000
  48.089764  16.687961    -72.194     0.001    -2.520    -0.000    -0.000     1.000     0.007     0.000
  48.592162  16.657751     75.110     0.005     2.622    -0.000     0.000     1.000     0.037     0.001
  49.094399  16.626331     58.305     0.011     2.035    -0.000     0.000     1.000     0.071     0.002
  49.596468  16.593705     49.211     0.008     1.718    -0.000     0.000     1.000     0.056     0.001
  50.098364  16.559875     84.720     0.003     2.957    -0.000     0.000     1.000     0.022     0.001
  50.600080  16.524844     87.065     0.007     3.039    -0.000     0.000     1.000     0.049     0.001
  51.101611  16.488616     88.534     0.010     3.090    -0.000     0.000     1.000     0.068     0.002
  51.602952  16.451194    -54.748     0.014    -1.911    -0.000    -0.000     1.000     0.095     0.002
  52.104096  16.412580    -68.723     0.008    -2.399    -0.000    -0.000     1.000     0.056     0.001
  52.605038  16.372779     68.276     0.003     2.383    -0.000     0.000     1.000     0.017     0.000
  53.105772  16.331794     -3.244     0.001    -0.113     0.000    -0.000     1.000     0.010     0.000
  53.606294  16.289628     -7.463     0.002    -0.261     0.000    -0.000     1.000     0.015     0.000
  44.816328  16.411535    -78.262     0.001    -2.732    -0.000    -0.000     1.000     0.006     0.000
  45.319420  16.389787    -67.753     0.000    -2.365    -0.000    -0.000     1.000     0.002     0.000
  45.822396  16.366843    -82.740     0.001    -2.888    -0.000    -0.000     1.000     0.008     0.000
  46.325251  16.342705    -88.785     0.002    -3.099    -0.000    -0.000     1.000     0.015     0.000
  46.827978  16.317376     84.799     0.005     2.960    -0.000     0.000     1.000     0.031     0.001
  47.330572  16.290858     82.756     0.009     2.889    -0.000     0.000     1.000     0.060     0.002
  47.833028  16.263153     81.017     0.013     2.828    -0.000     0.000     1.000     0.089     0.002
  48.335338  16.234264     77.966     0.018     2.722    -0.000     0.000     1.000     0.119     0.003
  48.837498  16.204194     68.922     0.023     2.406    -0.000     0.000     1.000     0.151     0.004
  49.339502  16.172944     56.541     0.013     1.974    -0.000     0.000     1.000     0.086     0.002
  49.841344  16.140518     54.387     0.009     1.898    -0.000     0.000     1.000     0.057     0.001
  50.343019  16.106919     57.173     0.017     1.996    -0.000     0.000     1.000     0.116     0.003
  50.844521  16.072149     60.361     0.010     2.107    -0.000     0.000     1.000     0.064     0.002
  51.345845  16.036212    -31.379     0.024    -1.095     0.000    -0.000     1.000     0.160     0.004
  51.846985  15.999111    -25.635     0.025    -0.895     0.000    -0.000     1.000     0.167     0.004
  52.347936  15.960848    -31.171     0.007    -1.088     0.000    -0.000     1.000     0.043     0.001
  52.848693  15.921429    -12.377     0.000    -0.432     0.000    -0.000     1.000     0.003     0.000
  53.349250  15.880855      1.719     0.001     0.060     0.000     0.000     1.000     0.007     0.000
  53.849603  15.839131      0.327     0.000     0.011     0.000     0.000     1.000     0.003     0.000
  42.548170  16.050616     31.135     0.004     1.087     0.000     0.000     1.000     0.027     0.001
  43.051498  16.034676     43.082     0.005     1.504     0.000     0.000     1.000     0.034     0.001
  43.554742  16.017563     71.742     0.006     2.504    -0.000     0.000     1.000     0.040     0.001
  44.057897  15.999277     82.756     0.010     2.889    -0.000     0.000     1.000     0.070     0.002
  44.560958  15.979821     88.754     0.012     3.098    -0.000     0.000     1.000     0.082     0.002
  45.063917  15.959196     88.735     0.013     3.097    -0.000     0.000     1.000     0.090     0.002
  45.566770  15.937404     86.173     0.018     3.008    -0.000     0.000     1.000     0.120     0.003
  46.069511  15.914447     84.993     0.022     2.967    -0.000     0.000     1.000     0.149     0.004
  46.572134  15.890328     84.693     0.025     2.956    -0.000     0.000     1.000     0.170     0.004
  47.074634  15.865047     84.234     0.027     2.940    -0.000     0.000     1.000     0.183     0.005
  47.577004  15.838608     83.534     0.028     2.916    -0.000     0.000     1.000     0.186     0.005
  48.079241  15.811013     78.867     0.030     2.753    -0.000     0.000     1.000     0.198     0.005
  48.581337  15.782264     72.626     0.035     2.535    -0.000     0.000     1.000     0.237     0.006
  49.083289  15.752363     71.962     0.023     2.512    -0.000     0.000     1.000     0.155     0.004
  49.585089  15.721314     69.403     0.016     2.423    -0.000     0.000     1.000     0.110     0.003
  50.086734  15.689119     62.587     0.018     2.185    -0.000     0.000     1.000     0.121     0.003
  50.588218  15.655781     56.747     0.008     1.981    -0.000     0.000     1.000     0.050     0.001
  51.089535  15.621303    -13.704     0.027    -0.478     0.000    -0.000     1.000     0.180     0.005
  51.590681  15.585687    -14.562     0.038    -0.508     0.000    -0.000     1.000     0.257     0.006
  52.091651  15.548938    -23.959     0.021    -0.836     0.000    -0.000     1.000     0.143     0.004
  52.592439  15.511058    -28.128     0.005    -0.982     0.000    -0.000     1.000     0.035     0.001
  53.093040  15.472050     -7.338     0.001    -0.256     0.000    -0.000     1.000     0.007     0.000
  53.593450  15.431919      6.607     0.001     0.231     0.000     0.000     1.000     0.006     0.000
  41.790667  15.629047     39.169     0.001     1.367     0.000     0.000     1.000     0.006     0.000
  42.293919  15.615232     35.261     0.008     1.231     0.000     0.000     1.000     0.050     0.001
  42.797101  15.600271     37.021     0.027     1.292     0.000     0.000     1.000     0.181     0.005
  43.300207  15.584165     54.435     0.023     1.900    -0.000     0.000     1.000     0.156     0.004
  43.803231  15.566917     66.348     0.029     2.316    -0.000     0.000     1.000     0.192     0.005
  44.306168  15.548527     81.266     0.044     2.837    -0.000     0.000     1.000     0.291     0.007
  44.809012  15.528997     87.801     0.047     3.065    -0.000     0.000     1.000     0.313     0.008
  45.311758  15.508329     88.510     0.046     3.090    -0.000     0.000     1.000     0.306     0.008
  45.814401  15.486525     88.576     0.044     3.092    -0.000     0.000     1.000     0.294     0.007
  46.316935  15.463586     88.672     0.042     3.095    -0.000     0.000     1.000     0.279     0.007
  46.819355  15.439515     89.043     0.039     3.108    -0.000     0.000     1.000     0.259     0.007
  47.321656  15.414314     87.060     0.037     3.039    -0.000     0.000     1.000     0.248     0.006
  47.823832  15.387985     79.130     0.043     2.762    -0.000     0.000     1.000     0.289     0.007
  48.325879  15.360529     77.378     0.047     2.701    -0.000     0.000     1.000     0.317     0.008
  48.827790  15.331951     77.840     0.044     2.717    -0.000     0.000     1.000     0.291     0.007
  49.329562  15.302251     73.175     0.030     2.554    -0.000     0.000     1.000     0.199     0.005
  49.831189  15.271434     73.643     0.023     2.571    -0.000     0.000     1.000     0.151     0.004
  50.332665  15.239501     87.480     0.018     3.054    -0.000     0.000     1.000     0.120     0.003
  50.833987  15.206455    -68.730     0.013    -2.399    -0.000    -0.000     1.000     0.090     0.002
  51.335149  15.172299    -25.841     0.014    -0.902     0.000    -0.000     1.000     0.091     0.002
  51.836146  15.137036    -28.331     0.015    -0.989     0.000    -0.000     1.000     0.102     0.003
  52.336974  15.100669    -33.400     0.015    -1.166     0.000    -0.000     1.000     0.100     0.003
  52.837628  15.063202    -31.090     0.005    -1.085     0.000    -0.000     1.000     0.036     0.001
  53.338103  15.024637     -6.765     0.002    -0.236     0.000    -0.000     1.000     0.011     0.000
  53.838395  14.984978     10.865     0.001     0.379     0.000     0.000     1.000     0.004     0.000
  38.517257  15.247135     60.132     0.001     2.099    -0.000     0.000     1.000     0.006     0.000
  39.020649  15.240959     52.489     0.006     1.832    -0.000     0.000     1.000     0.037     0.001
  39.524009  15.233661     48.521     0.004     1.694    -0.000     0.000     1.000     0.027     0.001
  40.027332  15.225242    -38.881     0.008    -1.357     0.000    -0.000     1.000     0.055     0.001
  40.530611  15.215703    -38.927     0.006    -1.359     0.000    -0.000     1.000     0.040     0.001
  41.033842  15.205044    -41.586     0.001    -1.452     0.000    -0.000     1.000     0.010     0.000
  41.537020  15.193267     50.618     0.002     1.767    -0.000     0.000     1.000     0.012     0.000
  42.040139  15.180372     44.636     0.013     1.558     0.000     0.000     1.000     0.088     0.002
  42.543193  15.166361     40.925     0.039     1.429     0.000     0.000     1.000     0.258     0.007
  43.046179  15.151235     45.657     0.044     1.594    -0.000     0.000     1.000     0.292     0.007
  43.549089  15.134995     47.752     0.036     1.667    -0.000     0.000     1.000     0.238     0.006
  44.051920  15.117642     56.280     0.040     1.965    -0.000     0.000     1.000     0.267     0.007
  44.554666  15.099179     79.233     0.035     2.766    -0.000     0.000     1.000     0.232     0.006
  45.057323  15.079606     87.712     0.032     3.062    -0.000     0.000     1.000     0.213     0.005
  45.559883  15.058926     89.103     0.030     3.110    -0.000     0.000     1.000     0.204     0.005
  46.062344  15.037140     89.599     0.030     3.128    -0.000     0.000     1.000     0.197     0.005
  46.564700  15.014251     88.945     0.029     3.105    -0.000     0.000     1.000     0.196     0.005
  47.066945  14.990259     79.956     0.036     2.791    -0.000     0.000     1.000     0.244     0.006
  47.569075  14.965168     75.441     0.045     2.633    -0.000     0.000     1.000     0.301     0.008
  48.071085  14.938979     78.271     0.043     2.732    -0.000     0.000     1.000     0.289     0.007
  48.572970  14.911695     78.902     0.042     2.754    -0.000     0.000     1.000     0.283     0.007
  49.074725  14.883318     76.827     0.033     2.682    -0.000     0.000     1.000     0.221     0.006
  49.576346  14.853851     70.990     0.015     2.478    -0.000     0.000     1.000     0.101     0.003
  50.077827  14.823296     82.499     0.007     2.880    -0.000     0.000     1.000     0.044     0.001
  50.579164  14.791655    -80.043     0.005    -2.794    -0.000    -0.000     1.000     0.032     0.001
  51.080352  14.758932    -58.054     0.004    -2.026    -0.000    -0.000     1.000     0.025     0.001
  51.581388  14.725129    -41.436     0.007    -1.446     0.000    -0.000     1.000     0.045     0.001
  52.082265  14.690250    -37.543     0.012    -1.310     0.000    -0.000     1.000     0.083     0.002
  52.582980  14.654297    -34.978     0.016    -1.221     0.000    -0.000     1.000     0.105     0.003
  53.083528  14.617273    -30.168     0.007    -1.053     0.000    -0.000     1.000     0.047     0.001
  53.583906  14.579181    -11.811     0.002    -0.412     0.000    -0.000     1.000     0.012     0.000
  38.264822  14.807175    -62.992     0.000    -2.199    -0.000    -0.000     1.000     0.002     0.000
  38.768069  14.801711     60.395     0.004     2.108    -0.000     0.000     1.000     0.027     0.001
  39.271288  14.795156     55.569     0.026     1.940    -0.000     0.000     1.000     0.171     0.004
  39.774475  14.787509     60.597     0.009     2.115    -0.000     0.000     1.000     0.060     0.002
  40.277623  14.778772    -44.707     0.015    -1.561     0.000    -0.000     1.000     0.099     0.002
  40.780728  14.768946    -47.084     0.008    -1.644    -0.000    -0.000     1.000     0.055     0.001
  41.283786  14.758030     57.473     0.005     2.006    -0.000     0.000     1.000     0.033     0.001
  41.786790  14.746026     48.486     0.024     1.692    -0.000     0.000     1.000     0.162     0.004
  42.289736  14.732936     42.270     0.044     1.475     0.000     0.000     1.000     0.291     0.007
  42.792620  14.718760     39.759     0.043     1.388     0.000     0.000     1.000     0.285     0.007
  43.295435  14.703499     38.687     0.047     1.350     0.000     0.000     1.000     0.314     0.008
  43.798178  14.687156     40.083     0.051     1.399     0.000     0.000     1.000     0.341     0.009
  44.300843  14.669730     55.224     0.028     1.928    -0.000     0.000     1.000     0.189     0.005
  44.803425  14.651224     79.242     0.013     2.766    -0.000     0.000     1.000     0.087     0.002
  45.305921  14.631640     88.207     0.010     3.079    -0.000     0.000     1.000     0.064     0.002
  45.808324  14.610979     84.901     0.010     2.964    -0.000     0.000     1.000     0.064     0.002
  46.310630  14.589242     70.457     0.019     2.459    -0.000     0.000     1.000     0.125     0.003
  46.812835  14.566433     64.920     0.033     2.266    -0.000     0.000     1.000     0.218     0.006
  47.314933  14.542552     66.389     0.032     2.317    -0.000     0.000     1.000     0.215     0.005
  47.816920  14.517602     69.452     0.029     2.424    -0.000     0.000     1.000     0.192     0.005
  48.318792  14.491585     73.449     0.021     2.564    -0.000     0.000     1.000     0.143     0.004
  48.820543  14.464503     80.635     0.012     2.815    -0.000     0.000     1.000     0.079     0.002
  49.322170  14.436358     82.563     0.004     2.882    -0.000     0.000     1.000     0.028     0.001
  49.823667  14.407154    -78.072     0.001    -2.725    -0.000    -0.000     1.000     0.004     0.000
  50.325031  14.376892    -63.847     0.001    -2.229    -0.000    -0.000     1.000     0.006     0.000
  50.826257  14.345575    -66.763     0.001    -2.330    -0.000    -0.000     1.000     0.006     0.000
  51.327340  14.313206    -57.107     0.001    -1.993    -0.000    -0.000     1.000     0.008     0.000
  51.828276  14.279788    -44.534     0.005    -1.555     0.000    -0.000     1.000     0.032     0.001
  52.329062  14.245323    -38.657     0.012    -1.349     0.000    -0.000     1.000     0.083     0.002
  52.829692  14.209814    -34.952     0.017    -1.220     0.000    -0.000     1.000     0.113     0.003
  53.330163  14.173264    -29.860     0.009    -1.042     0.000    -0.000     1.000     0.059     0.001
  53.830470  14.135678    -22.918     0.002    -0.800     0.000    -0.000     1.000     0.012     0.000
  38.515762  14.363145     86.290     0.001     3.012    -0.000     0.000     1.000     0.005     0.000
  39.018862  14.357302     56.714     0.008     1.980    -0.000     0.000     1.000     0.053     0.001
  39.521933  14.350398     55.799     0.032     1.948    -0.000     0.000     1.000     0.212     0.005
  40.024970  14.342434     59.788     0.018     2.087    -0.000     0.000     1.000     0.122     0.003
  40.527970  14.333409    -55.992     0.014    -1.954    -0.000    -0.000     1.000     0.095     0.002
  41.030927  14.323326    -80.652     0.002    -2.815    -0.000    -0.000     1.000     0.013     0.000
  41.533836  14.312184     43.062     0.025     1.503     0.000     0.000     1.000     0.170     0.004
  42.036693  14.299985     38.945     0.044     1.359     0.000     0.000     1.000     0.296     0.007
  42.539493  14.286730     37.585     0.040     1.312     0.000     0.000     1.000     0.268     0.007
  43.042231  14.272420     33.471     0.042     1.168     0.000     0.000     1.000     0.278     0.007
  43.544903  14.257056     33.904     0.053     1.183     0.000     0.000     1.000     0.355     0.009
  44.047504  14.240639     38.731     0.037     1.352     0.000     0.000     1.000     0.244     0.006
  44.550030  14.223172     40.203     0.011     1.403     0.000     0.000     1.000     0.075     0.002
  45.052476  14.204655     67.338     0.006     2.351    -0.000     0.000     1.000     0.043     0.001
  45.554837  14.185090     67.102     0.015     2.342    -0.000     0.000     1.000     0.099     0.002
  46.057110  14.164479     62.527     0.029     2.183    -0.000     0.000     1.000     0.196     0.005
  46.559288  14.142823     61.727     0.032     2.155    -0.000     0.000     1.000     0.215     0.005
  47.061369  14.120124     63.227     0.026     2.207    -0.000     0.000     1.000     0.172     0.004
  47.563348  14.096385     64.301     0.015     2.245    -0.000     0.000     1.000     0.099     0.002
  48.065220  14.071607     67.705     0.003     2.363    -0.000     0.000     1.000     0.021     0.001
  48.566980  14.045793    -38.967     0.001    -1.360     0.000    -0.000     1.000     0.005     0.000
  49.068626  14.018944    -36.018     0.001    -1.257     0.000    -0.000     1.000     0.005     0.000
  49.570151  13.991064    -22.549     0.001    -0.787     0.000    -0.000     1.000     0.004     0.000
  50.071553  13.962153    -23.651     0.001    -0.826     0.000    -0.000     1.000     0.004     0.000
  50.572827  13.932216    -51.096     0.000    -1.784    -0.000    -0.000     1.000     0.003     0.000
  51.073969  13.901254    -68.238     0.001    -2.382    -0.000    -0.000     1.000     0.004     0.000
  51.574974  13.869270    -64.536     0.001    -2.253    -0.000    -0.000     1.000     0.006     0.000
  52.075839  13.836267    -45.566     0.003    -1.591    -0.000    -0.000     1.000     0.021     0.001
  52.576560  13.802247    -38.897     0.012    -1.358     0.000    -0.000     1.000     0.077     0.002
  53.077133  13.767214    -34.930     0.018    -1.219     0.000    -0.000     1.000     0.122     0.003
  53.577553  13.731170    -31.451     0.010    -1.098     0.000    -0.000     1.000     0.070     0.002
  54.077818  13.694119    -31.343     0.002    -1.094     0.000    -0.000     1.000     0.014     0.000
  36.754584  13.934540     58.532     0.002     2.043    -0.000     0.000     1.000     0.011     0.000
  37.257633  13.932475     49.799     0.003     1.738    -0.000     0.000     1.000     0.018     0.000
  38.766693  13.920090     52.161     0.004     1.821    -0.000     0.000     1.000     0.026     0.001
  39.269670  13.913898     52.102     0.014     1.819    -0.000     0.000     1.000     0.095     0.002
  39.772617  13.906677     61.542     0.035     2.148    -0.000     0.000     1.000     0.231     0.006
  40.275531  13.898425     54.435     0.033     1.900    -0.000     0.000     1.000     0.220     0.006
  40.778407  13.889144     30.300     0.016     1.058     0.000     0.000     1.000     0.110     0.003
  41.281240  13.878835     22.316     0.017     0.779     0.000     0.000     1.000     0.111     0.003
  41.784026  13.867498     37.348     0.040     1.304     0.000     0.000     1.000     0.267     0.007
  42.286761  13.855134     41.193     0.035     1.438     0.000     0.000     1.000     0.232     0.006
  42.789441  13.841746     39.631     0.041     1.383     0.000     0.000     1.000     0.276     0.007
  43.292060  13.827332     27.380     0.051     0.956     0.000     0.000     1.000     0.341     0.009
  43.794614  13.811896     24.157     0.032     0.843     0.000     0.000     1.000     0.215     0.005
  44.297100  13.795438     31.455     0.023     1.098     0.000     0.000     1.000     0.152     0.004
  44.799513  13.777960     44.613     0.019     1.557     0.000     0.000     1.000     0.127     0.003
  45.301849  13.759462     59.766     0.031     2.086    -0.000     0.000     1.000     0.206     0.005
  45.804103  13.739948     60.665     0.032     2.118    -0.000     0.000     1.000     0.211     0.005
  46.306271  13.719417     60.359     0.025     2.107    -0.000     0.000     1.000     0.167     0.004
  46.808349  13.697873     60.131     0.012     2.099    -0.000     0.000     1.000     0.083     0.002
  47.310333  13.675317     53.896     0.002     1.881    -0.000     0.000     1.000     0.013     0.000
  47.812218  13.651751    -19.735     0.001    -0.689     0.000    -0.000     1.000     0.008     0.000
  48.314002  13.627177    -19.536     0.001    -0.682     0.000    -0.000     1.000     0.009     0.000
  48.815678  13.601596    -18.113     0.001    -0.632     0.000    -0.000     1.000     0.007     0.000
  51.322325  13.458684    -76.937     0.000    -2.686    -0.000    -0.000     1.000     0.002     0.000
  51.823280  13.427117    -70.599     0.001    -2.464    -0.000    -0.000     1.000     0.004     0.000
  52.324101  13.394560    -48.927     0.002    -1.708    -0.000    -0.000     1.000     0.014     0.000
  52.824784  13.361017    -38.940     0.010    -1.359     0.000    -0.000     1.000     0.064     0.002
  53.325326  13.326491    -34.907     0.019    -1.218     0.000    -0.000     1.000     0.128     0.003
  53.825723  13.290984    -34.377     0.012    -1.200     0.000    -0.000     1.000     0.080     0.002
  54.325972  13.254500    -36.135     0.003    -1.261     0.000    -0.000     1.000     0.017     0.000
  36.502966  13.495529     70.636     0.002     2.466    -0.000     0.000     1.000     0.011     0.000
  37.005928  13.494026     54.559     0.008     1.904    -0.000     0.000     1.000     0.052     0.001
  37.508882  13.491521     44.676     0.005     1.559     0.000     0.000     1.000     0.032     0.001
  38.011823  13.488015    -72.139     0.001    -2.518    -0.000    -0.000     1.000     0.004     0.000
  38.514747  13.483507     52.441     0.005     1.831    -0.000     0.000     1.000     0.030     0.001
  39.017650  13.477999     47.021     0.025     1.641    -0.000     0.000     1.000     0.170     0.004
  39.520527  13.471490     48.997     0.024     1.710    -0.000     0.000     1.000     0.163     0.004
  40.023375  13.463981     61.107     0.032     2.133    -0.000     0.000     1.000     0.214     0.005
  40.526190  13.455473     39.518     0.051     1.379     0.000     0.000     1.000     0.338     0.009
  41.028966  13.445967     28.282     0.050     0.987     0.000     0.000     1.000     0.336     0.008
  41.531701  13.435463     22.548     0.032     0.787     0.000     0.000     1.000     0.213     0.005
  42.034390  13.423962     60.729     0.027     2.120    -0.000     0.000     1.000     0.180     0.005
  42.537028  13.411465     57.397     0.054     2.004    -0.000     0.000     1.000     0.364     0.009
  43.039612  13.397974     55.291     0.051     1.930    -0.000     0.000     1.000     0.340     0.009
  43.542137  13.383489     56.381     0.019     1.968    -0.000     0.000     1.000     0.126     0.003
  44.044600  13.368011     73.126     0.020     2.553    -0.000     0.000     1.000     0.133     0.003
  44.546997  13.351543     61.186     0.046     2.136    -0.000     0.000     1.000     0.310     0.008
  45.049323  13.334084     59.400     0.043     2.073    -0.000     0.000     1.000     0.287     0.007
  45.551574  13.315638     57.575     0.025     2.010    -0.000     0.000     1.000     0.166     0.004
  46.053746  13.296205     56.074     0.012     1.957    -0.000     0.000     1.000     0.081     0.002
  46.555837  13.275787     50.448     0.002     1.761    -0.000     0.000     1.000     0.016     0.000
  47.057840  13.254386    -20.664     0.001    -0.721     0.000    -0.000     1.000     0.006     0.000
  47.559753  13.232004    -24.601     0.001    -0.859     0.000    -0.000     1.000     0.008     0.000
  48.061572  13.208642    -22.242     0.001    -0.776     0.000    -0.000     1.000     0.006     0.000
  52.072281  12.986740     81.236     0.000     2.836    -0.000     0.000     1.000     0.002     0.000
  52.573084  12.954661    -51.022     0.001    -1.781    -0.000    -0.000     1.000     0.008     0.000
  53.073756  12.921626    -37.930     0.007    -1.324     0.000    -0.000     1.000     0.050     0.001
  53.574293  12.887638    -35.753     0.018    -1.248     0.000    -0.000     1.000     0.121     0.003
  54.074693  12.852700    -37.221     0.012    -1.299     0.000    -0.000     1.000     0.078     0.002
  54.574952  12.816814    -37.723     0.002    -1.317     0.000    -0.000     1.000     0.016     0.000
  36.251450  13.057259      2.749     0.003     0.096     0.000     0.000     1.000     0.018     0.000
  36.754347  13.056287    -51.536     0.002    -1.799    -0.000    -0.000     1.000     0.011     0.000
  37.257238  13.054344     -3.180     0.002    -0.111     0.000    -0.000     1.000     0.012     0.000
  37.760120  13.051430    -45.027     0.006    -1.572    -0.000    -0.000     1.000     0.037     0.001
  38.262987  13.047545     82.898     0.003     2.894    -0.000     0.000     1.000     0.019     0.000
  38.765837  13.042690     57.015     0.013     1.990    -0.000     0.000     1.000     0.088     0.002
  39.268665  13.036864     54.637     0.031     1.907    -0.000     0.000     1.000     0.206     0.005
  39.771467  13.030068     47.352     0.020     1.653    -0.000     0.000     1.000     0.135     0.003
  40.274240  13.022304     51.843     0.029     1.810    -0.000     0.000     1.000     0.190     0.005
  40.776979  13.013570     55.258     0.067     1.929    -0.000     0.000     1.000     0.445     0.011
  41.279681  13.003869     69.841     0.054     2.438    -0.000     0.000     1.000     0.358     0.009
  41.782342  12.993202     79.221     0.044     2.765    -0.000     0.000     1.000     0.291     0.007
  42.284958  12.981568     64.220     0.073     2.242    -0.000     0.000     1.000     0.485     0.012
  42.787524  12.968969     66.360     0.067     2.316    -0.000     0.000     1.000     0.447     0.011
  43.290038  12.955406     72.645     0.042     2.536    -0.000     0.000     1.000     0.280     0.007
  43.792495  12.940880     79.411     0.047     2.772    -0.000     0.000     1.000     0.316     0.008
  44.294891  12.925393     72.057     0.068     2.515    -0.000     0.000     1.000     0.455     0.011
  44.797224  12.908945     70.911     0.068     2.475    -0.000     0.000     1.000     0.457     0.012
  45.299488  12.891539     63.107     0.022     2.203    -0.000     0.000     1.000     0.149     0.004
  45.801680  12.873175     51.899     0.004     1.812    -0.000     0.000     1.000     0.026     0.001
  46.303798  12.853855     -7.499     0.001    -0.262     0.000    -0.000     1.000     0.004     0.000
  46.805835  12.833581    -26.962     0.001    -0.941     0.000    -0.000     1.000     0.006     0.000
  47.307790  12.812354    -27.918     0.001    -0.975     0.000    -0.000     1.000     0.004     0.000
  51.320019  12.608482     80.261     0.000     2.802    -0.000     0.000     1.000     0.002     0.000
  51.821068  12.578773     74.364     0.000     2.596    -0.000     0.000     1.000     0.003     0.000
  52.322000  12.548133     72.868     0.001     2.544    -0.000     0.000     1.000     0.005     0.000
  52.822811  12.516564    -83.989     0.001    -2.932    -0.000    -0.000     1.000     0.005     0.000
  53.323498  12.484069    -39.343     0.005    -1.373     0.000    -0.000     1.000     0.030     0.001
  53.824057  12.450650    -39.105     0.011    -1.365     0.000    -0.000     1.000     0.072     0.002
  54.324485  12.416312    -38.410     0.004    -1.341     0.000    -0.000     1.000     0.030     0.001
  35.497146  12.619249    -20.244     0.001    -0.707     0.000    -0.000     1.000     0.009     0.000
  36.000000  12.619720      2.382     0.010     0.083     0.000     0.000     1.000     0.065     0.002
  36.502854  12.619249    -10.451     0.017    -0.365     0.000    -0.000     1.000     0.115     0.003
  37.005705  12.617838    -32.468     0.027    -1.133     0.000    -0.000     1.000     0.179     0.005
  37.508548  12.615486    -45.138     0.028    -1.576    -0.000    -0.000     1.000     0.190     0.005
  38.011380  12.612193    -48.768     0.012    -1.702    -0.000    -0.000     1.000     0.080     0.002
  38.514197  12.607960     63.579     0.011     2.219    -0.000     0.000     1.000     0.072     0.002
  39.016996  12.602787     59.818     0.031     2.088    -0.000     0.000     1.000     0.208     0.005
  39.519772  12.596675     53.532     0.026     1.869    -0.000     0.000     1.000     0.173     0.004
  40.022523  12.589624     10.096     0.032     0.352     0.000     0.000     1.000     0.214     0.005
  40.525244  12.581634     27.086     0.048     0.945     0.000     0.000     1.000     0.323     0.008
  41.027932  12.572707     60.037     0.034     2.096    -0.000     0.000     1.000     0.227     0.006
  41.530584  12.562843     63.839     0.040     2.228    -0.000     0.000     1.000     0.265     0.007
  42.033195  12.552042     58.122     0.056     2.029    -0.000     0.000     1.000     0.373     0.009
  42.535762  12.540307     67.041     0.046     2.340    -0.000     0.000     1.000     0.306     0.008
  43.038281  12.527637     68.098     0.047     2.377    -0.000     0.000     1.000     0.313     0.008
  43.540749  12.514034     71.057     0.065     2.480    -0.000     0.000     1.000     0.431     0.011
  44.043163  12.499499     70.180     0.068     2.450    -0.000     0.000     1.000     0.456     0.011
  44.545518  12.484033     72.809     0.049     2.542    -0.000     0.000     1.000     0.329     0.008
  45.047811  12.467638     73.570     0.020     2.568    -0.000     0.000     1.000     0.134     0.003
  45.550039  12.450314     67.376     0.001     2.352    -0.000     0.000     1.000     0.010     0.000
  46.052198  12.432064    -23.923     0.001    -0.835     0.000    -0.000     1.000     0.007     0.000
  46.554285  12.412889    -28.652     0.000    -1.000     0.000    -0.000     1.000     0.003     0.000
  47.056296  12.392790    -34.864     0.000    -1.217     0.000    -0.000     1.000     0.001     0.000
  49.063514  12.303196     81.826     0.000     2.856    -0.000     0.000     1.000     0.002     0.000
  49.565096  12.278506     81.801     0.000     2.855    -0.000     0.000     1.000     0.002     0.000
  50.066582  12.252904     81.676     0.001     2.851    -0.000     0.000     1.000     0.004     0.000
  50.567968  12.226393     81.633     0.001     2.850    -0.000     0.000     1.000     0.005     0.000
  51.069253  12.198973     81.560     0.001     2.847    -0.000     0.000     1.000     0.006     0.000
  51.570432  12.170648     80.730     0.001     2.818    -0.000     0.000     1.000     0.006     0.000
  52.071502  12.141419     77.890     0.001     2.719    -0.000     0.000     1.000     0.006     0.000
  52.572461  12.111290     72.693     0.001     2.537    -0.000     0.000     1.000     0.006     0.000
  53.073305  12.080262     80.742     0.001     2.818    -0.000     0.000     1.000     0.003     0.000
  53.574032  12.048338    -42.026     0.002    -1.467     0.000    -0.000     1.000     0.012     0.000
  35.245753  12.181992    -51.408     0.004    -1.794    -0.000    -0.000     1.000     0.026     0.001
  35.748584  12.182902    -32.716     0.010    -1.142     0.000    -0.000     1.000     0.065     0.002
  36.251417  12.182902    -11.065     0.020    -0.386     0.000    -0.000     1.000     0.132     0.003
  36.754248  12.181992    -37.324     0.034    -1.303     0.000    -0.000     1.000     0.226     0.006
  37.257073  12.180171    -47.346     0.041    -1.653    -0.000    -0.000     1.000     0.276     0.007
  37.759890  12.177441    -65.476     0.012    -2.286    -0.000    -0.000     1.000     0.081     0.002
  38.262695  12.173800     51.171     0.016     1.786    -0.000     0.000     1.000     0.107     0.003
  38.765485  12.169251     58.436     0.020     2.040    -0.000     0.000     1.000     0.134     0.003
  39.268256  12.163791     45.532     0.021     1.589    -0.000     0.000     1.000     0.141     0.004
  39.771004  12.157424      9.793     0.072     0.342     0.000     0.000     1.000     0.481     0.012
  40.273726  12.150148      3.761     0.146     0.131     0.001     0.000     1.000     0.973     0.025
  40.776420  12.141964      2.979     0.149     0.104     0.001     0.000     1.000     0.994     0.025
  41.279080  12.132874      9.810     0.085     0.342     0.001     0.000     1.000     0.571     0.014
  41.781705  12.122878      0.611     0.052     0.021     0.000     0.000     1.000     0.347     0.009
  42.284290  12.111976     72.529     0.030     2.532    -0.000     0.000     1.000     0.202     0.005
  42.786833  12.100170     64.795     0.046     2.262    -0.000     0.000     1.000     0.309     0.008
  43.289329  12.087461     60.730     0.042     2.120    -0.000     0.000     1.000     0.279     0.007
  43.791776  12.073849     58.759     0.027     2.051    -0.000     0.000     1.000     0.183     0.005
  44.294170  12.059336     63.861     0.013     2.229    -0.000     0.000     1.000     0.085     0.002
  44.796509  12.043924     74.141     0.005     2.588    -0.000     0.000     1.000     0.030     0.001
  45.298787  12.027612    -66.112     0.001    -2.308    -0.000    -0.000     1.000     0.003     0.000
  45.801004  12.010404    -25.431     0.001    -0.888     0.000    -0.000     1.000     0.005     0.000
  46.303154  11.992299    -36.981     0.000    -1.291     0.000    -0.000     1.000     0.001     0.000
  46.805235  11.973300     86.896     0.000     3.033    -0.000     0.000     1.000     0.001     0.000
  47.307244  11.953409     81.296     0.000     2.838    -0.000     0.000     1.000     0.002     0.000
  47.809178  11.932626     81.317     0.001     2.839    -0.000     0.000     1.000     0.004     0.000
  48.311033  11.910954     81.442     0.001     2.843    -0.000     0.000     1.000     0.005     0.000
  48.812806  11.888394     81.437     0.001     2.843    -0.000     0.000     1.000     0.005     0.000
  49.314495  11.864949     81.367     0.001     2.840    -0.000     0.000     1.000     0.005     0.000
  49.816096  11.840620     80.924     0.001     2.825    -0.000     0.000     1.000     0.005     0.000
  50.317605  11.815409     80.191     0.001     2.799    -0.000     0.000     1.000     0.005     0.000
  50.819021  11.789318     79.611     0.001     2.779    -0.000     0.000     1.000     0.004     0.000
  51.320340  11.762350     79.407     0.000     2.772    -0.000     0.000     1.000     0.003     0.000
  51.821559  11.734507     78.761     0.000     2.749    -0.000     0.000     1.000     0.002     0.000
  52.322675  11.705791     74.230     0.000     2.591    -0.000     0.000     1.000     0.002     0.000
  34.994338  11.745477    -57.998     0.006    -2.025    -0.000    -0.000     1.000     0.037     0.001
  35.497168  11.746796    -47.638     0.020    -1.663    -0.000    -0.000     1.000     0.137     0.003
  36.000000  11.747236    -24.363     0.023    -0.850     0.000    -0.000     1.000     0.151     0.004
  36.502833  11.746796    -44.196     0.034    -1.543     0.000    -0.000     1.000     0.228     0.006
  37.005662  11.745477    -45.206     0.038    -1.578    -0.000    -0.000     1.000     0.253     0.006
  37.508485  11.743278    -56.485     0.020    -1.972    -0.000    -0.000     1.000     0.134     0.003
  38.011299  11.740200     46.292     0.014     1.616    -0.000     0.000     1.000     0.093     0.002
  38.514099  11.736243     43.938     0.019     1.534     0.000     0.000     1.000     0.126     0.003
  39.016884  11.731407     24.755     0.028     0.864     0.000     0.000     1.000     0.190     0.005
  39.519649  11.725693     16.054     0.058     0.560     0.000     0.000     1.000     0.386     0.010
  40.022392  11.719101      5.400     0.125     0.189     0.001     0.000     1.000     0.838     0.021
  40.525109  11.711631     -0.154     0.190    -0.005     0.001    -0.000     1.000     1.271     0.032
  41.027798  11.703285     -9.962     0.183    -0.348     0.001    -0.000     1.000     1.221     0.031
  41.530454  11.694063    -14.137     0.126    -0.493     0.001    -0.000     1.000     0.840     0.021
  42.033076  11.683966     -0.731     0.006    -0.026     0.000    -0.000     1.000     0.037     0.001
  42.535659  11.672995     58.673     0.040     2.048    -0.000     0.000     1.000     0.268     0.007
  43.038201  11.661150     48.011     0.036     1.676    -0.000     0.000     1.000     0.240     0.006
  43.540698  11.648433     44.709     0.016     1.561     0.000     0.000     1.000     0.107     0.003
  44.043148  11.634844     40.809     0.003     1.424     0.000     0.000     1.000     0.022     0.001
  44.545548  11.620385    -18.029     0.001    -0.629     0.000    -0.000     1.000     0.007     0.000
  45.047893  11.605057    -28.462     0.001    -0.994     0.000    -0.000     1.000     0.005     0.000
  45.550182  11.588861    -53.154     0.000    -1.855    -0.000    -0.000     1.000     0.002     0.000
  46.052411  11.571799     84.709     0.000     2.957    -0.000     0.000     1.000     0.003     0.000
  46.554577  11.553872     81.280     0.001     2.837    -0.000     0.000     1.000     0.005     0.000
  47.056678  11.535081     80.827     0.001     2.821    -0.000     0.000     1.000     0.005     0.000
  47.558709  11.515428     80.898     0.001     2.824    -0.000     0.000     1.000     0.005     0.000
  48.060669  11.494915     80.709     0.001     2.817    -0.000     0.000     1.000     0.004     0.000
  48.562555  11.473543     79.732     0.000     2.783    -0.000     0.000     1.000     0.003     0.000
  49.064363  11.451314     78.428     0.000     2.738    -0.000     0.000     1.000     0.003     0.000
  49.566090  11.428231     77.828     0.000     2.717    -0.000     0.000     1.000     0.003     0.000
  50.067734  11.404294     77.863     0.000     2.718    -0.000     0.000     1.000     0.002     0.000
  50.569293  11.379506     78.145     0.000     2.728    -0.000     0.000     1.000     0.002     0.000
  34.742869  11.309695    -55.131     0.005    -1.924    -0.000    -0.000     1.000     0.031     0.001
  35.245719  11.311393    -50.511     0.018    -1.763    -0.000    -0.000     1.000     0.122     0.003
  35.748573  11.312241    -32.027     0.026    -1.118     0.000    -0.000     1.000     0.174     0.004
  36.251428  11.312241    -37.672     0.030    -1.315     0.000    -0.000     1.000     0.203     0.005
  36.754282  11.311393    -51.711     0.040    -1.805    -0.000    -0.000     1.000     0.266     0.007
  37.257131  11.309695    -51.537     0.039    -1.799    -0.000    -0.000     1.000     0.258     0.006
  37.759973  11.307149    -50.307     0.006    -1.756    -0.000    -0.000     1.000     0.040     0.001
  38.262805  11.303754     21.377     0.014     0.746     0.000     0.000     1.000     0.092     0.002
  38.765623  11.299511     23.888     0.022     0.834     0.000     0.000     1.000     0.145     0.004
  39.268425  11.294420     26.992     0.033     0.942     0.000     0.000     1.000     0.217     0.005
  39.771207  11.288482      9.034     0.069     0.315     0.000     0.000     1.000     0.458     0.012
  40.273967  11.281697      1.976     0.114     0.069     0.001     0.000     1.000     0.762     0.019
  40.776702  11.274066    -19.406     0.121    -0.677     0.001    -0.001     1.000     0.809     0.020
  41.279409  11.265589    -11.416     0.054    -0.398     0.000    -0.000     1.000     0.363     0.009
  41.782085  11.256266     32.332     0.034     1.129     0.000     0.000     1.000     0.228     0.006
  42.284727  11.246100     46.109     0.090     1.609    -0.000     0.001     1.000     0.603     0.015
  42.787331  11.235090     46.062     0.077     1.608    -0.000     0.001     1.000     0.512     0.013
  43.289896  11.223238     43.198     0.018     1.508     0.000     0.000     1.000     0.121     0.003
  43.792418  11.210545     34.005     0.001     1.187     0.000     0.000     1.000     0.006     0.000
  44.294895  11.197010    -47.659     0.001    -1.664    -0.000    -0.000     1.000     0.004     0.000
  44.797323  11.182637    -68.951     0.000    -2.407    -0.000    -0.000     1.000     0.003     0.000
  45.299700  11.167425     86.893     0.000     3.033    -0.000     0.000     1.000     0.003     0.000
  45.802022  11.151377     81.365     0.000     2.840    -0.000     0.000     1.000     0.003     0.000
  46.304288  11.134493     79.861     0.000     2.788    -0.000     0.000     1.000     0.003     0.000
  46.806494  11.116775     78.675     0.000     2.746    -0.000     0.000     1.000     0.002     0.000
  47.308638  11.098224     77.624     0.000     2.710    -0.000     0.000     1.000     0.002     0.000
  47.810716  11.078842     77.020     0.000     2.689    -0.000     0.000     1.000     0.002     0.000
  48.312727  11.058630     76.690     0.000     2.677    -0.000     0.000     1.000     0.002     0.000
  48.814667  11.037591     76.274     0.000     2.662    -0.000     0.000     1.000     0.001     0.000
  49.316533  11.015725     75.812     0.000     2.646    -0.000     0.000     1.000     0.001     0.000
  34.491314  10.874637    -44.319     0.007    -1.547     0.000    -0.000     1.000     0.045     0.001
  34.994205  10.876682    -45.061     0.023    -1.573    -0.000    -0.000     1.000     0.156     0.004
  35.497101  10.877909    -36.875     0.034    -1.287     0.000    -0.000     1.000     0.229     0.006
  36.000000  10.878318    -27.121     0.047    -0.947     0.000    -0.000     1.000     0.315     0.008
  36.502899  10.877909    -40.066     0.032    -1.399     0.000    -0.000     1.000     0.216     0.005
  37.005796  10.876682    -57.322     0.036    -2.001    -0.000    -0.000     1.000     0.240     0.006
  37.508687  10.874637    -48.531     0.010    -1.694    -0.000    -0.000     1.000     0.066     0.002
  38.011569  10.871774     30.008     0.006     1.047     0.000     0.000     1.000     0.043     0.001
  38.514441  10.868094     10.517     0.010     0.367     0.000     0.000     1.000     0.068     0.002
  39.017299  10.863596     32.796     0.018     1.145     0.000     0.000     1.000     0.123     0.003
  39.520140  10.858282     26.510     0.049     0.925     0.000     0.000     1.000     0.324     0.008
  40.022962  10.852151     23.144     0.029     0.808     0.000     0.000     1.000     0.196     0.005
  40.525762  10.845204    -35.845     0.017    -1.251     0.000    -0.000     1.000     0.116     0.003
  41.028537  10.837442     55.209     0.012     1.927    -0.000     0.000     1.000     0.079     0.002
  41.531285  10.828865     47.562     0.062     1.660    -0.000     0.000     1.000     0.417     0.011
  42.034002  10.819475     44.661     0.125     1.559     0.000     0.001     1.000     0.833     0.021
  42.536687  10.809271     43.106     0.068     1.505     0.000     0.000     1.000     0.455     0.011
  43.039336  10.798255     42.180     0.019     1.472     0.000     0.000     1.000     0.126     0.003
  43.541948  10.786427    -68.806     0.000    -2.402    -0.000    -0.000     1.000     0.001     0.000
  44.044518  10.773789    -51.949     0.001    -1.813    -0.000    -0.000     1.000     0.006     0.000
  44.547044  10.760341    -65.029     0.000    -2.270    -0.000    -0.000     1.000     0.002     0.000
  45.049525  10.746085     83.146     0.000     2.902    -0.000     0.000     1.000     0.001     0.000
  45.551956  10.731022     76.489     0.000     2.670    -0.000     0.000     1.000     0.002     0.000
  46.054337  10.715152     75.738     0.000     2.644    -0.000     0.000     1.000     0.002     0.000
  46.556663  10.698479     75.481     0.000     2.635    -0.000     0.000     1.000     0.002     0.000
  47.058932  10.681002     75.270     0.000     2.627    -0.000     0.000     1.000     0.002     0.000
  47.561143  10.662723     74.803     0.000     2.611    -0.000     0.000     1.000     0.001     0.000
  48.063292  10.643644     74.636     0.000     2.605    -0.000     0.000     1.000     0.001     0.000
  34.239641  10.440293    -41.925     0.007    -1.463     0.000    -0.000     1.000     0.049     0.001
  34.742594  10.442654    -42.867     0.031    -1.496     0.000    -0.000     1.000     0.206     0.005
  35.245554  10.444228    -44.151     0.045    -1.541     0.000    -0.000     1.000     0.302     0.008
  35.748518  10.445015    -32.325     0.034    -1.128     0.000    -0.000     1.000     0.227     0.006
  36.251483  10.445015    -38.811     0.024    -1.355     0.000    -0.000     1.000     0.162     0.004
  36.754446  10.444228    -63.152     0.032    -2.204    -0.000    -0.000     1.000     0.213     0.005
  37.257406  10.442654    -80.595     0.013    -2.813    -0.000    -0.000     1.000     0.090     0.002
  37.760360  10.440293     75.113     0.016     2.622    -0.000     0.000     1.000     0.106     0.003
  38.263304  10.437144     74.357     0.012     2.596    -0.000     0.000     1.000     0.080     0.002
  38.766238  10.433210     56.166     0.015     1.961    -0.000     0.000     1.000     0.098     0.002
  39.269157  10.428489     36.545     0.031     1.276     0.000     0.000     1.000     0.206     0.005
  39.772059  10.422983     52.811     0.024     1.843    -0.000     0.000     1.000     0.159     0.004
  40.274943  10.416691     68.453     0.026     2.389    -0.000     0.000     1.000     0.174     0.004
  40.777805  10.409614     59.302     0.051     2.070    -0.000     0.000     1.000     0.341     0.009
  41.280643  10.401753     51.905     0.091     1.812    -0.000     0.001     1.000     0.606     0.015
  41.783454  10.393108     45.723     0.103     1.596    -0.000     0.001     1.000     0.690     0.017
  42.286237  10.383680     40.645     0.051     1.419     0.000     0.000     1.000     0.338     0.009
  42.788987  10.373471     35.920     0.015     1.254     0.000     0.000     1.000     0.098     0.002
  43.291704  10.362479    -20.325     0.001    -0.709     0.000    -0.000     1.000     0.004     0.000
  43.794384  10.350708    -50.806     0.001    -1.773    -0.000    -0.000     1.000     0.006     0.000
  44.297025  10.338157    -77.150     0.000    -2.693    -0.000    -0.000     1.000     0.002     0.000
  44.799625  10.324828     74.414     0.000     2.598    -0.000     0.000     1.000     0.002     0.000
  45.302181  10.310721     73.464     0.000     2.564    -0.000     0.000     1.000     0.002     0.000
  45.804690  10.295838     74.191     0.000     2.590    -0.000     0.000     1.000     0.001     0.000
  46.307151  10.280181     74.366     0.000     2.596    -0.000     0.000     1.000     0.001     0.000
  34.490856  10.009300    -43.562     0.014    -1.521     0.000    -0.000     1.000     0.093     0.002
  34.993900  10.011191    -42.303     0.030    -1.477     0.000    -0.000     1.000     0.198     0.005
  35.496949  10.012325    -33.411     0.033    -1.166     0.000    -0.000     1.000     0.223     0.006
  36.000000  10.012703    -25.747     0.025    -0.899     0.000    -0.000     1.000     0.167     0.004
  36.503052  10.012325    -50.804     0.022    -1.773    -0.000    -0.000     1.000     0.145     0.004
  37.006101  10.011191    -70.669     0.014    -2.467    -0.000    -0.000     1.000     0.097     0.002
  37.509145  10.009300     66.142     0.011     2.309    -0.000     0.000     1.000     0.072     0.002
  38.012182  10.006654     81.425     0.012     2.842    -0.000     0.000     1.000     0.079     0.002
  38.515210  10.003252     52.470     0.017     1.832    -0.000     0.000     1.000     0.113     0.003
  39.018226   9.999094     39.226     0.026     1.369     0.000     0.000     1.000     0.176     0.004
  39.521228   9.994182     40.762     0.023     1.423     0.000     0.000     1.000     0.155     0.004
  40.024214   9.988514     51.609     0.045     1.802    -0.000     0.000     1.000     0.298     0.008
  40.527181   9.982093     54.641     0.088     1.907    -0.000     0.001     1.000     0.589     0.015
  41.030127   9.974917     52.491     0.111     1.832    -0.000     0.001     1.000     0.739     0.019
  41.533050   9.966989     50.151     0.085     1.751    -0.000     0.001     1.000     0.565     0.014
  42.035947   9.958308     48.472     0.028     1.692    -0.000     0.000     1.000     0.189     0.005
  42.538816   9.948875     39.863     0.002     1.391     0.000     0.000     1.000     0.014     0.000
  43.041655   9.938691    -35.708     0.002    -1.246     0.000    -0.000     1.000     0.010     0.000
  43.544462   9.927758    -51.167     0.001    -1.786    -0.000    -0.000     1.000     0.006     0.000
  44.047234   9.916074    -79.492     0.000    -2.775    -0.000    -0.000     1.000     0.002     0.000
  44.549969   9.903643     73.712     0.000     2.573    -0.000     0.000     1.000     0.001     0.000
  45.052664   9.890464     69.652     0.000     2.431    -0.000     0.000     1.000     0.001     0.000
  34.238958   9.576612    -58.083     0.002    -2.027    -0.000    -0.000     1.000     0.014     0.000
  34.742108   9.578787    -50.981     0.006    -1.780    -0.000    -0.000     1.000     0.040     0.001
  35.245263   9.580237    -26.040     0.018    -0.909     0.000    -0.000     1.000     0.121     0.003
  35.748421   9.580962    -17.497     0.033    -0.611     0.000    -0.000     1.000     0.220     0.006
  36.251580   9.580962    -31.494     0.022    -1.099     0.000    -0.000     1.000     0.146     0.004
  36.754738   9.580237    -59.623     0.009    -2.081    -0.000    -0.000     1.000     0.057     0.001
  37.257893   9.578787     34.460     0.007     1.203     0.000     0.000     1.000     0.045     0.001
  37.761042   9.576612     54.998     0.019     1.920    -0.000     0.000     1.000     0.126     0.003
  38.264184   9.573711     47.776     0.026     1.668    -0.000     0.000     1.000     0.174     0.004
  38.767316   9.570087     34.787     0.031     1.214     0.000     0.000     1.000     0.208     0.005
  39.270437   9.565738     19.339     0.028     0.675     0.000     0.000     1.000     0.189     0.005
  39.773543   9.560665     33.308     0.054     1.163     0.000     0.000     1.000     0.363     0.009
  40.276634   9.554868     45.083     0.098     1.574    -0.000     0.001     1.000     0.656     0.017
  40.779706   9.548349     53.934     0.122     1.883    -0.000     0.001     1.000     0.817     0.021
  41.282758   9.541107     62.044     0.077     2.166    -0.000     0.000     1.000     0.512     0.013
  41.785787   9.533143     71.246     0.056     2.487    -0.000     0.000     1.000     0.374     0.009
  42.288792   9.524457     78.185     0.016     2.729    -0.000     0.000     1.000     0.104     0.003
  42.791770   9.515052    -66.853     0.002    -2.334    -0.000    -0.000     1.000     0.013     0.000
  43.294720   9.504926    -45.090     0.001    -1.574    -0.000    -0.000     1.000     0.007     0.000
  34.490147   9.147008    -79.558     0.002    -2.777    -0.000    -0.000     1.000     0.013     0.000
  34.993428   9.148743    -36.529     0.003    -1.275     0.000    -0.000     1.000     0.021     0.001
  35.496713   9.149784     -1.860     0.008    -0.065     0.000    -0.000     1.000     0.056     0.001
  36.000000   9.150131    -38.906     0.011    -1.358     0.000    -0.000     1.000     0.072     0.002
  36.503287   9.149784    -73.604     0.032    -2.569    -0.000    -0.000     1.000     0.217     0.005
  37.006572   9.148743    -79.913     0.023    -2.789    -0.000    -0.000     1.000     0.154     0.004
  37.509853   9.147008     78.384     0.015     2.736    -0.000     0.000     1.000     0.102     0.003
  38.013129   9.144579     56.349     0.034     1.967    -0.000     0.000     1.000     0.226     0.006
  38.516396   9.141457     27.708     0.035     0.967     0.000     0.000     1.000     0.237     0.006
  39.019653   9.137641      5.405     0.055     0.189     0.000     0.000     1.000     0.370     0.009
  39.522899   9.133132     13.602     0.068     0.475     0.000     0.000     1.000     0.457     0.012
  40.026131   9.127930     35.901     0.102     1.253     0.000     0.001     1.000     0.678     0.017
  40.529348   9.122037     51.837     0.110     1.809    -0.000     0.001     1.000     0.733     0.018
  41.032547   9.115451     67.226     0.067     2.347    -0.000     0.000     1.000     0.448     0.011
  41.535726   9.108174     74.954     0.042     2.616    -0.000     0.000     1.000     0.281     0.007
  42.038884   9.100207     76.895     0.024     2.684    -0.000     0.000     1.000     0.158     0.004
  34.237988   8.715845     67.813     0.002     2.367    -0.000     0.000     1.000     0.013     0.000
  34.741415   8.717833     56.089     0.008     1.958    -0.000     0.000     1.000     0.053     0.001
  35.244848   8.719159     42.631     0.008     1.488     0.000     0.000     1.000     0.051     0.001
  35.748282   8.719822    -43.258     0.001    -1.510     0.000    -0.000     1.000     0.005     0.000
  36.251718   8.719822    -80.833     0.012    -2.822    -0.000    -0.000     1.000     0.082     0.002
  36.755153   8.719159    -75.935     0.025    -2.651    -0.000    -0.000     1.000     0.169     0.004
  37.258585   8.717833    -73.148     0.027    -2.553    -0.000    -0.000     1.000     0.182     0.005
  37.762013   8.715845    -89.894     0.025    -3.138    -0.000    -0.000     1.000     0.165     0.004
  38.265434   8.713194     71.531     0.020     2.497    -0.000     0.000     1.000     0.131     0.003
  38.768848   8.709881    -23.557     0.011    -0.822     0.000    -0.000     1.000     0.071     0.002
  39.272251   8.705906     24.048     0.026     0.839     0.000     0.000     1.000     0.174     0.004
  39.775643   8.701269     35.504     0.071     1.239     0.000     0.000     1.000     0.472     0.012
  40.279022   8.695970     40.562     0.041     1.416     0.000     0.000     1.000     0.277     0.007
  40.782385   8.690011     54.176     0.018     1.891    -0.000     0.000     1.000     0.120     0.003
  41.285732   8.683391     76.039     0.008     2.654    -0.000     0.000     1.000     0.051     0.001
  41.789060   8.676112     77.004     0.006     2.688    -0.000     0.000     1.000     0.038     0.001
  34.489194   8.287500     71.578     0.004     2.499    -0.000     0.000     1.000     0.028     0.001
  34.992794   8.289078     57.564     0.008     2.009    -0.000     0.000     1.000     0.050     0.001
  35.496396   8.290026     45.959     0.005     1.604    -0.000     0.000     1.000     0.031     0.001
  36.000000   8.290342    -74.717     0.002    -2.608    -0.000    -0.000     1.000     0.016     0.000
  36.503604   8.290026     87.540     0.011     3.056    -0.000     0.000     1.000     0.071     0.002
  37.007207   8.289078     78.599     0.011     2.744    -0.000     0.000     1.000     0.072     0.002
  37.510806   8.287500    -86.142     0.016    -3.007    -0.000    -0.000     1.000     0.110     0.003
  38.014401   8.285289    -84.239     0.014    -2.941    -0.000    -0.000     1.000     0.095     0.002
  38.517988   8.282448    -54.730     0.047    -1.910    -0.000    -0.000     1.000     0.315     0.008
  39.021568   8.278976    -55.203     0.107    -1.927    -0.000    -0.001     1.000     0.715     0.018
  39.525138   8.274873     35.885     0.022     1.253     0.000     0.000     1.000     0.148     0.004
  40.028697   8.270140     37.210     0.015     1.299     0.000     0.000     1.000     0.098     0.002
  40.532243   8.264777     46.085     0.003     1.609    -0.000     0.000     1.000     0.018     0.000
  41.035775   8.258784     19.826     0.001     0.692     0.000     0.000     1.000     0.005     0.000
  41.539290   8.252162    -14.407     0.001    -0.503     0.000    -0.000     1.000     0.008     0.000
  34.740522   7.859533     79.380     0.005     2.771    -0.000     0.000     1.000     0.037     0.001
  35.244312   7.860733     72.949     0.003     2.546    -0.000     0.000     1.000     0.023     0.001
  35.748104   7.861334    -63.711     0.003    -2.224    -0.000    -0.000     1.000     0.021     0.001
  36.251897   7.861334    -73.721     0.004    -2.573    -0.000    -0.000     1.000     0.025     0.001
  36.755689   7.860733     39.732     0.011     1.387     0.000     0.000     1.000     0.073     0.002
  37.259479   7.859533     43.629     0.020     1.523     0.000     0.000     1.000     0.132     0.003
  37.763265   7.857733     48.922     0.008     1.708    -0.000     0.000     1.000     0.054     0.001
  38.267046   7.855333    -57.087     0.059    -1.993    -0.000    -0.000     1.000     0.396     0.010
  38.770821   7.852333    -56.572     0.250    -1.975    -0.001    -0.002     1.000     1.670     0.042
  39.274587   7.848733    -56.323     0.104    -1.966    -0.000    -0.001     1.000     0.696     0.018
  39.778344   7.844534     36.738     0.007     1.282     0.000     0.000     1.000     0.048     0.001
  40.282091   7.839737     47.021     0.003     1.641    -0.000     0.000     1.000     0.017     0.000
  40.785825   7.834341     65.493     0.002     2.286    -0.000     0.000     1.000     0.012     0.000
  41.289545   7.828347     -3.018     0.001    -0.105     0.000    -0.000     1.000     0.004     0.000
  34.488003   7.430515     83.129     0.003     2.902    -0.000     0.000     1.000     0.019     0.000
  34.992000   7.431936     83.735     0.005     2.923    -0.000     0.000     1.000     0.035     0.001
  35.495999   7.432789    -85.749     0.003    -2.993    -0.000    -0.000     1.000     0.019     0.000
  36.000000   7.433074    -67.589     0.004    -2.359    -0.000    -0.000     1.000     0.024     0.001
  36.504001   7.432789    -65.130     0.002    -2.273    -0.000    -0.000     1.000     0.015     0.000
  37.008001   7.431936     33.100     0.011     1.155     0.000     0.000     1.000     0.075     0.002
  37.511997   7.430515     37.421     0.022     1.306     0.000     0.000     1.000     0.147     0.004
  38.015990   7.428525    -56.647     0.017    -1.977    -0.000    -0.000     1.000     0.111     0.003
  38.519978   7.425966    -56.862     0.240    -1.985    -0.001    -0.001     1.000     1.606     0.040
  39.023959   7.422839    -56.069     0.144    -1.957    -0.000    -0.001     1.000     0.965     0.024
  39.527933   7.419145    -55.586     0.014    -1.940    -0.000    -0.000     1.000     0.092     0.002
  40.031897   7.414882     26.709     0.005     0.932     0.000     0.000     1.000     0.036     0.001
  40.535851   7.410053    -57.832     0.002    -2.019    -0.000    -0.000     1.000     0.012     0.000
  41.039793   7.404657    -53.377     0.001    -1.863    -0.000    -0.000     1.000     0.007     0.000
  34.739432   7.003626     83.152     0.004     2.903    -0.000     0.000     1.000     0.029     0.001
  35.243658   7.004700     86.763     0.004     3.029    -0.000     0.000     1.000     0.028     0.001
  35.747886   7.005237    -79.824     0.002    -2.786    -0.000    -0.000     1.000     0.016     0.000
  36.252115   7.005237    -69.326     0.003    -2.420    -0.000    -0.000     1.000     0.022     0.001
  36.756343   7.004700    -53.243     0.001    -1.859    -0.000    -0.000     1.000     0.004     0.000
  37.260569   7.003626     41.201     0.009     1.438     0.000     0.000     1.000     0.060     0.002
  37.764792   7.002015     50.181     0.018     1.752    -0.000     0.000     1.000     0.118     0.003
  38.269012   6.999866    -62.932     0.056    -2.197    -0.000    -0.000     1.000     0.373     0.009
  38.773226   6.997182    -55.624     0.094    -1.942    -0.000    -0.001     1.000     0.626     0.016
  39.277433   6.993960    -34.921     0.018    -1.219     0.000    -0.000     1.000     0.120     0.003
  39.781634   6.990203    -13.236     0.005    -0.462     0.000    -0.000     1.000     0.035     0.001
  40.285825   6.985909    -38.847     0.013    -1.356     0.000    -0.000     1.000     0.085     0.002
  40.790007   6.981080    -42.233     0.011    -1.474     0.000    -0.000     1.000     0.072     0.002
  34.486578   6.575793     82.400     0.002     2.876    -0.000     0.000     1.000     0.012     0.000
  34.991051   6.577057     83.755     0.006     2.924    -0.000     0.000     1.000     0.037     0.001
  35.495525   6.577815    -88.091     0.004    -3.075    -0.000    -0.000     1.000     0.024     0.001
  36.000000   6.578068    -74.301     0.003    -2.594    -0.000    -0.000     1.000     0.023     0.001
  36.504476   6.577815    -71.277     0.001    -2.488    -0.000    -0.000     1.000     0.005     0.000
  37.008950   6.577057     43.132     0.007     1.506     0.000     0.000     1.000     0.046     0.001
  37.513422   6.575793     47.557     0.025     1.660    -0.000     0.000     1.000     0.166     0.004
  38.017891   6.574025     52.544     0.028     1.834    -0.000     0.000     1.000     0.186     0.005
  38.522357   6.571750    -70.338     0.017    -2.455    -0.000    -0.000     1.000     0.115     0.003
  39.026816   6.568971    -40.995     0.007    -1.431     0.000    -0.000     1.000     0.049     0.001
  39.531270   6.565688    -37.021     0.009    -1.292     0.000    -0.000     1.000     0.062     0.002
  40.035717   6.561899    -42.178     0.020    -1.472     0.000    -0.000     1.000     0.134     0.003
  40.540155   6.557607    -41.600     0.011    -1.452     0.000    -0.000     1.000     0.075     0.002
  34.738149   6.149852     83.604     0.004     2.918    -0.000     0.000     1.000     0.024     0.001
  35.242889   6.150799     87.373     0.006     3.050    -0.000     0.000     1.000     0.038     0.001
  35.747630   6.151273    -79.627     0.004    -2.780    -0.000    -0.000     1.000     0.025     0.001
  36.252371   6.151273     83.934     0.001     2.930    -0.000     0.000     1.000     0.010     0.000
  36.757112   6.150799     42.664     0.010     1.489     0.000     0.000     1.000     0.068     0.002
  37.261852   6.149852     42.845     0.031     1.496     0.000     0.000     1.000     0.209     0.005
  37.766589   6.148431     47.267     0.031     1.650    -0.000     0.000     1.000     0.210     0.005
  38.271323   6.146536     74.675     0.009     2.607    -0.000     0.000     1.000     0.061     0.002
  38.776053   6.144169     85.297     0.001     2.977    -0.000     0.000     1.000     0.009     0.000
  39.280779   6.141328    -34.238     0.007    -1.195     0.000    -0.000     1.000     0.046     0.001
  39.785498   6.138014    -44.785     0.012    -1.563     0.000    -0.000     1.000     0.082     0.002
  40.290211   6.134227    -43.677     0.006    -1.525     0.000    -0.000     1.000     0.039     0.001
  34.989949   5.724181     85.458     0.006     2.983    -0.000     0.000     1.000     0.040     0.001
  35.494974   5.724844    -88.066     0.005    -3.074    -0.000    -0.000     1.000     0.033     0.001
  36.000000   5.725065     75.886     0.003     2.649    -0.000     0.000     1.000     0.022     0.001
  36.505026   5.724844     43.239     0.014     1.509     0.000     0.000     1.000     0.094     0.002
  37.010052   5.724181     40.710     0.036     1.421     0.000     0.000     1.000     0.241     0.006
  37.515076   5.723076     41.014     0.028     1.432     0.000     0.000     1.000     0.190     0.005
  38.020097   5.721530     49.390     0.006     1.724    -0.000     0.000     1.000     0.040     0.001
  38.525115   5.719542    -56.145     0.001    -1.960    -0.000    -0.000     1.000     0.008     0.000
  39.030130   5.717113    -41.044     0.001    -1.433     0.000    -0.000     1.000     0.003     0.000
  39.535140   5.714243    -53.086     0.004    -1.853    -0.000    -0.000     1.000     0.026     0.001
  40.040144   5.710932    -51.434     0.002    -1.795    -0.000    -0.000     1.000     0.012     0.000
  34.736678   5.297952     86.346     0.003     3.014    -0.000     0.000     1.000     0.017     0.000
  35.242006   5.298772     84.666     0.008     2.955    -0.000     0.000     1.000     0.051     0.001
  35.747335   5.299182     70.076     0.006     2.446    -0.000     0.000     1.000     0.040     0.001
  36.252665   5.299182     43.621     0.018     1.523     0.000     0.000     1.000     0.118     0.003
  36.757995   5.298772     40.349     0.038     1.408     0.000     0.000     1.000     0.256     0.006
  37.263323   5.297952     38.991     0.023     1.361     0.000     0.000     1.000     0.154     0.004
  37.768650   5.296723     35.948     0.003     1.255     0.000     0.000     1.000     0.021     0.001
  38.273974   5.295083    -46.833     0.001    -1.635    -0.000    -0.000     1.000     0.006     0.000
  38.779295   5.293035     65.476     0.001     2.286    -0.000     0.000     1.000     0.004     0.000
  39.284613   5.290577     60.532     0.001     2.113    -0.000     0.000     1.000     0.010     0.000
  39.789926   5.287710     72.768     0.001     2.540    -0.000     0.000     1.000     0.007     0.000
  34.483048   4.872104     76.106     0.001     2.657    -0.000     0.000     1.000     0.005     0.000
  34.988697   4.873049     77.699     0.006     2.712    -0.000     0.000     1.000     0.039     0.001
  35.494349   4.873615     67.129     0.010     2.343    -0.000     0.000     1.000     0.068     0.002
  36.000000   4.873804     44.550     0.021     1.555     0.000     0.000     1.000     0.143     0.004
  36.505652   4.873615     40.055     0.039     1.398     0.000     0.000     1.000     0.259     0.007
  37.011303   4.873049     37.642     0.017     1.314     0.000     0.000     1.000     0.111     0.003
  37.516953   4.872104     21.925     0.002     0.765     0.000     0.000     1.000     0.011     0.000
  38.022601   4.870782    -55.843     0.001    -1.949    -0.000    -0.000     1.000     0.004     0.000
  38.528247   4.869083    -48.283     0.000    -1.685    -0.000    -0.000     1.000     0.001     0.000
  39.033890   4.867006     43.695     0.000     1.525     0.000     0.000     1.000     0.001     0.000
  39.539530   4.864552     55.449     0.001     1.936    -0.000     0.000     1.000     0.004     0.000
  33.723043   4.445248     48.995     0.000     1.710    -0.000     0.000     1.000     0.001     0.000
  34.229031   4.446630     45.111     0.001     1.575    -0.000     0.000     1.000     0.006     0.000
  34.735021   4.447667     57.522     0.004     2.008    -0.000     0.000     1.000     0.026     0.001
  35.241012   4.448358     62.787     0.015     2.192    -0.000     0.000     1.000     0.099     0.002
  35.747004   4.448704     46.713     0.024     1.631    -0.000     0.000     1.000     0.162     0.004
  36.252996   4.448704     39.734     0.036     1.387     0.000     0.000     1.000     0.238     0.006
  36.758988   4.448358     36.363     0.011     1.269     0.000     0.000     1.000     0.072     0.002
  37.264979   4.447667     15.506     0.002     0.541     0.000     0.000     1.000     0.010     0.000
  37.770969   4.446630    -43.211     0.001    -1.508     0.000    -0.000     1.000     0.004     0.000
  38.276958   4.445248    -45.765     0.000    -1.597    -0.000    -0.000     1.000     0.002     0.000
  38.782944   4.443521    -30.145     0.000    -1.052     0.000    -0.000     1.000     0.001     0.000
  33.468255   4.020113     59.448     0.001     2.075    -0.000     0.000     1.000     0.004     0.000
  33.974602   4.021523     36.298     0.002     1.267     0.000     0.000     1.000     0.011     0.000
  34.480950   4.022619     38.622     0.006     1.348     0.000     0.000     1.000     0.039     0.001
  34.987299   4.023402     50.911     0.015     1.777    -0.000     0.000     1.000     0.101     0.003
  35.493650   4.023872     50.733     0.027     1.771    -0.000     0.000     1.000     0.180     0.005
  36.000000   4.024028     40.989     0.030     1.431     0.000     0.000     1.000     0.203     0.005
  36.506351   4.023872     38.878     0.007     1.357     0.000     0.000     1.000     0.044     0.001
  37.012701   4.023402      9.208     0.001     0.321     0.000     0.000     1.000     0.009     0.000
  37.519051   4.022619    -34.785     0.001    -1.214     0.000    -0.000     1.000     0.004     0.000
  32.706287   3.593685    -46.003     0.000    -1.606    -0.000    -0.000     1.000     0.000     0.000
  33.213009   3.595370     86.061     0.001     3.004    -0.000     0.000     1.000     0.006     0.000
  33.719732   3.596773     59.063     0.001     2.062    -0.000     0.000     1.000     0.007     0.000
  34.226457   3.597896     28.236     0.010     0.986     0.000     0.000     1.000     0.064     0.002
  34.733183   3.598738     34.186     0.016     1.193     0.000     0.000     1.000     0.108     0.003
  35.239910   3.599300     51.714     0.025     1.805    -0.000     0.000     1.000     0.164     0.004
  35.746637   3.599581     49.601     0.024     1.731    -0.000     0.000     1.000     0.163     0.004
  36.253364   3.599581     66.364     0.005     2.317    -0.000     0.000     1.000     0.036     0.001
  36.760091   3.599300    -87.376     0.003    -3.050    -0.000    -0.000     1.000     0.017     0.000
  37.266818   3.598738    -77.600     0.001    -2.709    -0.000    -0.000     1.000     0.008     0.000
  32.450162   3.169398    -19.171     0.000    -0.669     0.000    -0.000     1.000     0.002     0.000
  32.957278   3.171010    -44.603     0.002    -1.557     0.000    -0.000     1.000     0.013     0.000
  33.464397   3.172375    -58.576     0.004    -2.045    -0.000    -0.000     1.000     0.025     0.001
  33.971516   3.173492    -77.566     0.003    -2.708    -0.000    -0.000     1.000     0.022     0.001
  34.478636   3.174361     40.072     0.009     1.399     0.000     0.000     1.000     0.063     0.002
  34.985757   3.174981     56.962     0.007     1.988    -0.000     0.000     1.000     0.047     0.001
  35.492879   3.175354     69.654     0.020     2.431    -0.000     0.000     1.000     0.134     0.003
  36.000000   3.175478     79.133     0.007     2.762    -0.000     0.000     1.000     0.048     0.001
  36.507122   3.175354    -87.646     0.004    -3.059    -0.000    -0.000     1.000     0.029     0.001
  37.014243   3.174981    -86.214     0.004    -3.009    -0.000    -0.000     1.000     0.030     0.001
  32.193508   2.745521     -1.807     0.001    -0.063     0.000    -0.000     1.000     0.006     0.000
  32.701038   2.747029     -9.390     0.002    -0.328     0.000    -0.000     1.000     0.012     0.000
  33.208568   2.748322    -45.843     0.006    -1.600    -0.000    -0.000     1.000     0.037     0.001
  33.716100   2.749399    -51.075     0.012    -1.783    -0.000    -0.000     1.000     0.078     0.002
  34.223633   2.750261    -76.287     0.007    -2.663    -0.000    -0.000     1.000     0.050     0.001
  34.731166   2.750908     89.352     0.003     3.119    -0.000     0.000     1.000     0.022     0.001
  35.238699   2.751339    -87.324     0.012    -3.048    -0.000    -0.000     1.000     0.083     0.002
  35.746233   2.751555     78.613     0.009     2.744    -0.000     0.000     1.000     0.062     0.002
  36.253767   2.751555     68.519     0.001     2.392    -0.000     0.000     1.000     0.006     0.000
  36.761301   2.751339     35.461     0.000     1.238     0.000     0.000     1.000     0.003     0.000
  31.428341   2.320496    -81.583     0.002    -2.848    -0.000    -0.000     1.000     0.011     0.000
  31.936301   2.322049    -66.997     0.000    -2.339    -0.000    -0.000     1.000     0.002     0.000
  32.444261   2.323418     -2.891     0.002    -0.101     0.000    -0.000     1.000     0.015     0.000
  32.952222   2.324606    -17.175     0.008    -0.600     0.000    -0.000     1.000     0.054     0.001
  33.460184   2.325610    -23.129     0.014    -0.807     0.000    -0.000     1.000     0.094     0.002
  33.968146   2.326433    -38.684     0.009    -1.350     0.000    -0.000     1.000     0.059     0.001
  34.476109   2.327072    -24.824     0.007    -0.867     0.000    -0.000     1.000     0.050     0.001
  34.984073   2.327529    -66.371     0.009    -2.317    -0.000    -0.000     1.000     0.062     0.002
  35.492036   2.327803     82.664     0.009     2.886    -0.000     0.000     1.000     0.060     0.002
  36.000000   2.327895     72.416     0.004     2.528    -0.000     0.000     1.000     0.028     0.001
  36.507964   2.327803     15.540     0.002     0.542     0.000     0.000     1.000     0.014     0.000
  31.170106   1.897628    -85.780     0.006    -2.994    -0.000    -0.000     1.000     0.040     0.001
  31.678514   1.898975    -79.301     0.005    -2.768    -0.000    -0.000     1.000     0.036     0.001
  32.186922   1.900173    -74.438     0.002    -2.598    -0.000    -0.000     1.000     0.011     0.000
  32.695331   1.901221    -23.321     0.001    -0.814     0.000    -0.000     1.000     0.010     0.000
  33.203741   1.902119    -24.456     0.008    -0.854     0.000    -0.000     1.000     0.052     0.001
  33.712151   1.902868    -34.308     0.006    -1.198     0.000    -0.000     1.000     0.037     0.001
  34.220562   1.903468    -17.502     0.009    -0.611     0.000    -0.000     1.000     0.062     0.002
  34.728972   1.903917    -23.637     0.012    -0.825     0.000    -0.000     1.000     0.077     0.002
  35.237383   1.904217    -69.790     0.004    -2.436    -0.000    -0.000     1.000     0.023     0.001
  35.745795   1.904367     73.991     0.010     2.583    -0.000     0.000     1.000     0.066     0.002
  36.254206   1.904367     45.462     0.002     1.587    -0.000     0.000     1.000     0.013     0.000
  36.762617   1.904217      7.326     0.001     0.256     0.000     0.000     1.000     0.006     0.000
  30.911249   1.475186    -89.206     0.004    -3.114    -0.000    -0.000     1.000     0.027     0.001
  31.420123   1.476294    -86.175     0.011    -3.008    -0.000    -0.000     1.000     0.071     0.002
  31.928997   1.477286    -69.919     0.005    -2.441    -0.000    -0.000     1.000     0.031     0.001
  32.437871   1.478161    -54.789     0.001    -1.912    -0.000    -0.000     1.000     0.007     0.000
  32.946746   1.478919    -78.568     0.005    -2.743    -0.000    -0.000     1.000     0.034     0.001
  33.455621   1.479561    -74.771     0.010    -2.610    -0.000    -0.000     1.000     0.067     0.002
  33.964497   1.480087    -49.399     0.008    -1.724    -0.000    -0.000     1.000     0.056     0.001
  34.473373   1.480495    -17.733     0.006    -0.619     0.000    -0.000     1.000     0.038     0.001
  34.982248   1.480787     -1.663     0.002    -0.058     0.000    -0.000     1.000     0.012     0.000
  35.491124   1.480962     66.658     0.004     2.327    -0.000     0.000     1.000     0.028     0.001
  36.000000   1.481021     69.399     0.011     2.422    -0.000     0.000     1.000     0.077     0.002
  36.508876   1.480962     60.603     0.002     2.115    -0.000     0.000     1.000     0.012     0.000
  31.161103   1.054000     87.115     0.008     3.041    -0.000     0.000     1.000     0.052     0.001
  31.670460   1.054751    -89.684     0.004    -3.131    -0.000    -0.000     1.000     0.029     0.001
  32.179817   1.055419    -44.321     0.002    -1.547     0.000    -0.000     1.000     0.012     0.000
  32.689174   1.056004    -55.492     0.003    -1.937    -0.000    -0.000     1.000     0.019     0.000
  33.198532   1.056505    -70.913     0.008    -2.475    -0.000    -0.000     1.000     0.050     0.001
  33.707890   1.056923    -52.934     0.008    -1.848    -0.000    -0.000     1.000     0.053     0.001
  34.217247   1.057257    -37.371     0.005    -1.305     0.000    -0.000     1.000     0.035     0.001
  34.726605   1.057508     54.176     0.003     1.891    -0.000     0.000     1.000     0.021     0.001
  35.235963   1.057675     46.281     0.010     1.616    -0.000     0.000     1.000     0.065     0.002
  35.745321   1.057759     60.676     0.011     2.118    -0.000     0.000     1.000     0.076     0.002
  36.254679   1.057759     66.360     0.009     2.316    -0.000     0.000     1.000     0.060     0.002
  31.411287   0.632564     76.968     0.005     2.687    -0.000     0.000     1.000     0.033     0.001
  31.921144   0.632991      8.203     0.004     0.286     0.000     0.000     1.000     0.025     0.001
  32.431001   0.633367     -5.436     0.005    -0.190     0.000    -0.000     1.000     0.035     0.001
  32.940858   0.633694    -50.121     0.004    -1.750    -0.000    -0.000     1.000     0.030     0.001
  33.450715   0.633970    -54.226     0.011    -1.893    -0.000    -0.000     1.000     0.072     0.002
  33.960572   0.634196    -64.598     0.004    -2.255    -0.000    -0.000     1.000     0.028     0.001
  34.470429   0.634372     73.091     0.006     2.551    -0.000     0.000     1.000     0.037     0.001
  34.980286   0.634498     51.269     0.007     1.790    -0.000     0.000     1.000     0.049     0.001
  35.490143   0.634573     36.990     0.011     1.291     0.000     0.000     1.000     0.076     0.002
  36.000000   0.634598     37.645     0.009     1.314     0.000     0.000     1.000     0.059     0.001
  36.509857   0.634573     52.136     0.002     1.820    -0.000     0.000     1.000     0.014     0.000
  31.151453   0.210719     71.267     0.001     2.488    -0.000     0.000     1.000     0.006     0.000
  31.661826   0.210870     15.292     0.002     0.534     0.000     0.000     1.000     0.010     0.000
  32.172200   0.211004      9.229     0.003     0.322     0.000     0.000     1.000     0.020     0.001
  32.682573   0.211121     54.330     0.004     1.896    -0.000     0.000     1.000     0.024     0.001
  33.192946   0.211222    -77.576     0.004    -2.708    -0.000    -0.000     1.000     0.026     0.001
  33.703320   0.211306     89.543     0.004     3.126    -0.000     0.000     1.000     0.025     0.001
  34.213693   0.211373     78.256     0.003     2.732    -0.000     0.000     1.000     0.020     0.000
  34.724067   0.211423     64.393     0.002     2.248    -0.000     0.000     1.000     0.014     0.000
  35.234440   0.211457     36.052     0.002     1.258     0.000     0.000     1.000     0.015     0.000
  35.744814   0.211473     25.080     0.006     0.875     0.000     0.000     1.000     0.038     0.001
  36.255187   0.211473     25.728     0.002     0.898     0.000     0.000     1.000     0.011     0.000
  32.423648  -0.210781     58.691     0.002     2.049    -0.000     0.000     1.000     0.013     0.000
  32.934556  -0.210890     70.838     0.002     2.473    -0.000     0.000     1.000     0.014     0.000
  33.445463  -0.210982     82.931     0.001     2.895    -0.000     0.000     1.000     0.010     0.000
  35.489093  -0.211184     15.614     0.001     0.545     0.000     0.000     1.000     0.005     0.000
  36.000000  -0.211192      8.999     0.001     0.314     0.000     0.000     1.000     0.004     0.000
  31.652613  -0.630231    -41.556     0.000    -1.451     0.000    -0.000     1.000     0.000     0.000
  32.164070  -0.630634     65.025     0.000     2.270    -0.000     0.000     1.000     0.002     0.000
  35.744272  -0.632044    -44.067     0.000    -1.538     0.000    -0.000     1.000     0.001     0.000
  36.255729  -0.632044    -44.355     0.000    -1.548     0.000    -0.000     1.000     0.001     0.000
