  43.169953  24.236189    -80.133     0.000    -2.797    -0.000    -0.000     1.000     0.006     0.000
  43.681086  24.211263    -79.406     0.000    -2.772    -0.000    -0.000     1.000     0.006     0.000
  44.192012  24.184632    -78.530     0.000    -2.741    -0.000    -0.000     1.000     0.006     0.000
  42.904317  23.778637    -80.225     0.001    -2.800    -0.000    -0.000     1.000     0.008     0.000
  43.414846  23.754984    -79.905     0.001    -2.789    -0.000    -0.000     1.000     0.013     0.000
  43.925182  23.729654    -79.206     0.001    -2.765    -0.000    -0.000     1.000     0.014     0.000
  44.435314  23.702650    -80.213     0.001    -2.800    -0.000    -0.000     1.000     0.015     0.000
  44.945228  23.673975     89.251     0.001     3.115    -0.000     0.000     1.000     0.014     0.000
  45.454912  23.643632     62.474     0.001     2.181    -0.000     0.000     1.000     0.012     0.000
  45.964353  23.611624     51.288     0.000     1.790    -0.000     0.000     1.000     0.004     0.000
  44.169098  23.249846    -87.622     0.000    -3.059    -0.000    -0.000     1.000     0.005     0.000
  44.678475  23.222499     59.761     0.001     2.086    -0.000     0.000     1.000     0.008     0.000
  45.187637  23.193512     43.966     0.001     1.535     0.000     0.000     1.000     0.022     0.001
  45.696572  23.162888     41.394     0.001     1.445     0.000     0.000     1.000     0.008     0.000
  42.885743  22.845127     58.243     0.000     2.033    -0.000     0.000     1.000     0.001     0.000
  43.394969  22.822312     74.840     0.000     2.612    -0.000     0.000     1.000     0.002     0.000
  43.904017  22.797879    -88.309     0.000    -3.083    -0.000    -0.000     1.000     0.004     0.000
  44.412877  22.771832     55.448     0.001     1.935    -0.000     0.000     1.000     0.009     0.000
  44.921537  22.744172     37.430     0.001     1.307     0.000     0.000     1.000     0.022     0.001
  45.429985  22.714903     35.023     0.001     1.223     0.000     0.000     1.000     0.010     0.000
  42.113919  22.411543     61.141     0.000     2.134    -0.000     0.000     1.000     0.001     0.000
  42.622774  22.391533     58.381     0.000     2.038    -0.000     0.000     1.000     0.002     0.000
  43.131478  22.369931     60.178     0.000     2.101    -0.000     0.000     1.000     0.003     0.000
  43.640017  22.346741     69.410     0.000     2.423    -0.000     0.000     1.000     0.005     0.000
  44.148382  22.321963     59.980     0.001     2.094    -0.000     0.000     1.000     0.011     0.000
  44.656561  22.295602     33.724     0.001     1.177     0.000     0.000     1.000     0.016     0.000
  45.164542  22.267659     31.214     0.001     1.090     0.000     0.000     1.000     0.008     0.000
  40.835380  21.990685     87.718     0.000     3.062    -0.000     0.000     1.000     0.005     0.000
  41.343972  21.974962     80.848     0.000     2.822    -0.000     0.000     1.000     0.006     0.000
  41.852446  21.957672     80.437     0.000     2.808    -0.000     0.000     1.000     0.006     0.000
  42.360790  21.938817     81.024     0.000     2.828    -0.000     0.000     1.000     0.005     0.000
  42.868995  21.918400     69.712     0.000     2.433    -0.000     0.000     1.000     0.005     0.000
  43.377047  21.896422     57.246     0.001     1.998    -0.000     0.000     1.000     0.010     0.000
  43.884938  21.872886     66.143     0.000     2.309    -0.000     0.000     1.000     0.007     0.000
  44.392655  21.847794     32.603     0.001     1.138     0.000     0.000     1.000     0.014     0.000
  44.900189  21.821149     29.030     0.000     1.013     0.000     0.000     1.000     0.007     0.000
  40.067648  21.548664    -69.756     0.000    -2.435    -0.000    -0.000     1.000     0.004     0.000
  40.575828  21.535547    -81.711     0.001    -2.852    -0.000    -0.000     1.000     0.016     0.000
  41.083910  21.520892     88.757     0.001     3.098    -0.000     0.000     1.000     0.021     0.001
  41.591885  21.504700     87.830     0.002     3.066    -0.000     0.000     1.000     0.023     0.001
  42.099741  21.486972     88.497     0.002     3.089    -0.000     0.000     1.000     0.025     0.001
  42.607469  21.467710     84.378     0.002     2.945    -0.000     0.000     1.000     0.024     0.001
  43.115056  21.446916     65.175     0.001     2.275    -0.000     0.000     1.000     0.011     0.000
  43.622494  21.424592     81.951     0.000     2.861    -0.000     0.000     1.000     0.004     0.000
  44.129771  21.400740     31.338     0.001     1.094     0.000     0.000     1.000     0.013     0.000
  44.636878  21.375364     28.673     0.000     1.001     0.000     0.000     1.000     0.007     0.000
  39.809403  21.093465    -49.950     0.000    -1.744    -0.000    -0.000     1.000     0.004     0.000
  40.317089  21.081358    -53.017     0.001    -1.851    -0.000    -0.000     1.000     0.020     0.001
  40.824686  21.067742    -65.912     0.001    -2.301    -0.000    -0.000     1.000     0.020     0.001
  41.332186  21.052618    -86.467     0.001    -3.018    -0.000    -0.000     1.000     0.020     0.001
  41.839577  21.035987     89.082     0.002     3.110    -0.000     0.000     1.000     0.022     0.001
  42.346850  21.017851     88.471     0.001     3.088    -0.000     0.000     1.000     0.020     0.001
  42.853995  20.998211     84.534     0.001     2.951    -0.000     0.000     1.000     0.010     0.000
  43.361001  20.977071    -85.311     0.000    -2.978    -0.000    -0.000     1.000     0.004     0.000
  43.867858  20.954431     30.506     0.001     1.065     0.000     0.000     1.000     0.012     0.000
  44.374557  20.930294     28.648     0.000     1.000     0.000     0.000     1.000     0.006     0.000
  40.566252  20.615503    -37.010     0.002    -1.292     0.000    -0.000     1.000     0.024     0.001
  41.073300  20.601417    -37.041     0.001    -1.293     0.000    -0.000     1.000     0.022     0.001
  43.100410  20.530313    -79.793     0.000    -2.785    -0.000    -0.000     1.000     0.003     0.000
  43.606868  20.508856     30.956     0.001     1.081     0.000     0.000     1.000     0.011     0.000
  44.113180  20.485930     28.920     0.000     1.009     0.000     0.000     1.000     0.006     0.000
  40.815181  20.151088    -32.222     0.002    -1.125     0.000    -0.000     1.000     0.023     0.001
  41.321712  20.136563    -32.141     0.002    -1.122     0.000    -0.000     1.000     0.026     0.001
  41.828144  20.120590    -32.311     0.001    -1.128     0.000    -0.000     1.000     0.008     0.000
  42.840674  20.084311    -88.436     0.000    -3.087    -0.000    -0.000     1.000     0.002     0.000
  43.346753  20.064007     32.135     0.001     1.122     0.000     0.000     1.000     0.010     0.000
  43.852698  20.042264     29.562     0.000     1.032     0.000     0.000     1.000     0.006     0.000
  41.063917  19.688104    -32.060     0.001    -1.119     0.000    -0.000     1.000     0.018     0.001
  41.569962  19.673170    -32.428     0.002    -1.132     0.000    -0.000     1.000     0.025     0.001
  42.075907  19.656819    -34.383     0.000    -1.200     0.000    -0.000     1.000     0.007     0.000
  42.581746  19.639054     89.476     0.000     3.123    -0.000     0.000     1.000     0.001     0.000
  43.087468  19.619875     34.173     0.001     1.193     0.000     0.000     1.000     0.009     0.000
  43.593065  19.599284     30.892     0.000     1.078     0.000     0.000     1.000     0.005     0.000
  41.312499  19.226544    -32.586     0.001    -1.137     0.000    -0.000     1.000     0.014     0.000
  41.818089  19.211231    -32.701     0.002    -1.141     0.000    -0.000     1.000     0.027     0.001
  42.323581  19.194532    -32.640     0.000    -1.139     0.000    -0.000     1.000     0.007     0.000
  42.828966  19.176448     33.157     0.001     1.157     0.000     0.000     1.000     0.008     0.000
  43.334235  19.156982     32.832     0.000     1.146     0.000     0.000     1.000     0.005     0.000
  41.560968  18.766396    -32.746     0.001    -1.143     0.000    -0.000     1.000     0.012     0.000
  42.066134  18.750735    -31.772     0.002    -1.109     0.000    -0.000     1.000     0.026     0.001
  42.571202  18.733718     -3.244     0.000    -0.113     0.000    -0.000     1.000     0.007     0.000
  43.076165  18.715347     29.721     0.000     1.037     0.000     0.000     1.000     0.005     0.000
  54.143068  17.973443    -81.218     0.009    -2.835    -0.000    -0.000     1.000     0.133     0.004
  54.643521  17.924655    -64.845     0.006    -2.264    -0.000    -0.000     1.000     0.091     0.003
  41.809361  18.307653    -30.652     0.001    -1.070     0.000    -0.000     1.000     0.010     0.000
  42.314134  18.291673    -25.845     0.001    -0.902     0.000    -0.000     1.000     0.018     0.001
  42.818809  18.274368     -3.976     0.000    -0.139     0.000    -0.000     1.000     0.004     0.000
  50.874389  17.818981     89.262     0.001     3.116    -0.000     0.000     1.000     0.014     0.000
  51.376297  17.779496     84.159     0.001     2.938    -0.000     0.000     1.000     0.016     0.000
  51.877978  17.738733     63.896     0.001     2.230    -0.000     0.000     1.000     0.020     0.001
  52.379428  17.696696     39.469     0.001     1.378     0.000     0.000     1.000     0.013     0.000
  52.880640  17.653388    -84.751     0.003    -2.958    -0.000    -0.000     1.000     0.048     0.001
  53.381607  17.608814     88.097     0.025     3.075    -0.000     0.000     1.000     0.373     0.011
  53.882324  17.562978     85.758     0.038     2.994    -0.001     0.000     1.000     0.564     0.016
  54.382783  17.515884    -77.773     0.036    -2.715    -0.000    -0.000     1.000     0.535     0.016
  54.882979  17.467535    -69.188     0.011    -2.415    -0.000    -0.000     1.000     0.158     0.005
  49.108145  17.505474     47.552     0.002     1.660    -0.000     0.000     1.000     0.036     0.001
  49.610573  17.471274     39.825     0.007     1.390     0.000     0.000     1.000     0.101     0.003
  50.112810  17.435813     35.630     0.006     1.244     0.000     0.000     1.000     0.088     0.003
  50.614848  17.399095     74.977     0.002     2.617    -0.000     0.000     1.000     0.025     0.001
  51.116680  17.361121     79.407     0.003     2.772    -0.000     0.000     1.000     0.040     0.001
  51.618302  17.321896     55.718     0.003     1.945    -0.000     0.000     1.000     0.049     0.001
  52.119706  17.281424     29.942     0.005     1.045     0.000     0.000     1.000     0.075     0.002
  52.620886  17.239707    -24.622     0.001    -0.859     0.000    -0.000     1.000     0.012     0.000
  53.121836  17.196750     79.754     0.016     2.784    -0.000     0.000     1.000     0.244     0.007
  53.622551  17.152556     75.727     0.068     2.643    -0.001     0.000     1.000     1.006     0.029
  54.123024  17.107130     83.531     0.075     2.916    -0.001     0.000     1.000     1.117     0.032
  54.623249  17.060476    -80.526     0.041    -2.811    -0.001    -0.000     1.000     0.601     0.017
  55.123222  17.012597    -75.362     0.007    -2.631    -0.000    -0.000     1.000     0.105     0.003
  47.844585  17.143362    -89.047     0.000    -3.108    -0.000    -0.000     1.000     0.005     0.000
  48.347251  17.113043     72.498     0.001     2.531    -0.000     0.000     1.000     0.019     0.001
  48.849751  17.081483     58.089     0.004     2.028    -0.000     0.000     1.000     0.062     0.002
  49.352078  17.048687     46.415     0.012     1.620    -0.000     0.000     1.000     0.176     0.005
  49.854224  17.014657     35.291     0.015     1.232     0.000     0.000     1.000     0.221     0.006
  50.356185  16.979396     -9.342     0.002    -0.326     0.000    -0.000     1.000     0.025     0.001
  50.857954  16.942908     51.644     0.001     1.803    -0.000     0.000     1.000     0.019     0.001
  51.359526  16.905195     46.900     0.007     1.637    -0.000     0.000     1.000     0.099     0.003
  51.860893  16.866260     33.432     0.014     1.167     0.000     0.000     1.000     0.203     0.006
  52.362050  16.826108     26.380     0.005     0.921     0.000     0.000     1.000     0.072     0.002
  52.862992  16.784742     32.595     0.002     1.138     0.000     0.000     1.000     0.037     0.001
  53.363713  16.742166     64.869     0.019     2.264    -0.000     0.000     1.000     0.282     0.008
  53.864206  16.698383     75.445     0.027     2.634    -0.000     0.000     1.000     0.406     0.012
  54.364467  16.653397     87.312     0.019     3.048    -0.000     0.000     1.000     0.277     0.008
  54.864490  16.607213    -78.571     0.006    -2.743    -0.000    -0.000     1.000     0.092     0.003
  46.581659  16.771309     75.043     0.000     2.619    -0.000     0.000     1.000     0.005     0.000
  47.084506  16.744743     74.314     0.001     2.594    -0.000     0.000     1.000     0.013     0.000
  47.587210  16.716959     73.945     0.002     2.581    -0.000     0.000     1.000     0.025     0.001
  48.089764  16.687961     70.285     0.003     2.453    -0.000     0.000     1.000     0.050     0.001
  48.592162  16.657751     60.814     0.008     2.123    -0.000     0.000     1.000     0.118     0.003
  49.094399  16.626331     51.696     0.017     1.805    -0.000     0.000     1.000     0.257     0.007
  49.596468  16.593705     51.563     0.011     1.800    -0.000     0.000     1.000     0.158     0.005
  50.098364  16.559875    -55.632     0.007    -1.942    -0.000    -0.000     1.000     0.100     0.003
  50.600080  16.524844    -73.384     0.005    -2.562    -0.000    -0.000     1.000     0.078     0.002
  51.101611  16.488616     65.180     0.012     2.275    -0.000     0.000     1.000     0.174     0.005
  51.602952  16.451194     52.381     0.025     1.828    -0.000     0.000     1.000     0.370     0.011
  52.104096  16.412580     57.095     0.020     1.993    -0.000     0.000     1.000     0.300     0.009
  52.605038  16.372779     45.235     0.010     1.579    -0.000     0.000     1.000     0.147     0.004
  53.105772  16.331794     37.764     0.002     1.318     0.000     0.000     1.000     0.037     0.001
  53.606294  16.289628     62.459     0.003     2.180    -0.000     0.000     1.000     0.052     0.002
  44.313127  16.432086     76.963     0.000     2.687    -0.000     0.000     1.000     0.003     0.000
  44.816328  16.411535     78.699     0.000     2.747    -0.000     0.000     1.000     0.001     0.000
  45.319420  16.389787     83.060     0.001     2.899    -0.000     0.000     1.000     0.010     0.000
  45.822396  16.366843     79.363     0.001     2.770    -0.000     0.000     1.000     0.021     0.001
  46.325251  16.342705     77.380     0.002     2.701    -0.000     0.000     1.000     0.033     0.001
  46.827978  16.317376     76.407     0.003     2.667    -0.000     0.000     1.000     0.048     0.001
  47.330572  16.290858     74.473     0.006     2.600    -0.000     0.000     1.000     0.083     0.002
  47.833028  16.263153     71.161     0.009     2.484    -0.000     0.000     1.000     0.132     0.004
  48.335338  16.234264     64.219     0.012     2.242    -0.000     0.000     1.000     0.176     0.005
  48.837498  16.204194     48.498     0.017     1.693    -0.000     0.000     1.000     0.252     0.007
  49.339502  16.172944     45.111     0.013     1.575    -0.000     0.000     1.000     0.194     0.006
  49.841344  16.140518    -88.658     0.008    -3.095    -0.000    -0.000     1.000     0.115     0.003
  50.343019  16.106919    -80.729     0.012    -2.818    -0.000    -0.000     1.000     0.182     0.005
  50.844521  16.072149     82.556     0.014     2.882    -0.000     0.000     1.000     0.202     0.006
  51.345845  16.036212     57.696     0.029     2.014    -0.000     0.000     1.000     0.423     0.012
  51.846985  15.999111     56.777     0.034     1.982    -0.000     0.000     1.000     0.507     0.015
  52.347936  15.960848     50.927     0.018     1.778    -0.000     0.000     1.000     0.268     0.008
  52.848693  15.921429     41.443     0.002     1.447     0.000     0.000     1.000     0.033     0.001
  53.349250  15.880855     -9.231     0.001    -0.322     0.000    -0.000     1.000     0.013     0.000
  42.548170  16.050616    -73.201     0.003    -2.555    -0.000    -0.000     1.000     0.045     0.001
  43.051498  16.034676    -70.667     0.012    -2.467    -0.000    -0.000     1.000     0.179     0.005
  43.554742  16.017563    -78.052     0.013    -2.725    -0.000    -0.000     1.000     0.189     0.005
  44.057897  15.999277     87.759     0.006     3.063    -0.000     0.000     1.000     0.084     0.002
  44.560958  15.979821     78.957     0.003     2.756    -0.000     0.000     1.000     0.045     0.001
  45.063917  15.959196     81.750     0.004     2.854    -0.000     0.000     1.000     0.066     0.002
  45.566770  15.937404     81.275     0.006     2.837    -0.000     0.000     1.000     0.088     0.003
  46.069511  15.914447     80.177     0.007     2.799    -0.000     0.000     1.000     0.108     0.003
  46.572134  15.890328     78.028     0.009     2.724    -0.000     0.000     1.000     0.132     0.004
  47.074634  15.865047     75.146     0.011     2.623    -0.000     0.000     1.000     0.161     0.005
  47.577004  15.838608     72.313     0.012     2.524    -0.000     0.000     1.000     0.185     0.005
  48.079241  15.811013     67.834     0.014     2.368    -0.000     0.000     1.000     0.211     0.006
  48.581337  15.782264     56.084     0.011     1.958    -0.000     0.000     1.000     0.162     0.005
  49.083289  15.752363     36.281     0.011     1.266     0.000     0.000     1.000     0.159     0.005
  49.585089  15.721314     69.058     0.015     2.411    -0.000     0.000     1.000     0.229     0.007
  50.086734  15.689119     79.188     0.022     2.764    -0.000     0.000     1.000     0.324     0.009
  50.588218  15.655781     85.277     0.023     2.977    -0.000     0.000     1.000     0.346     0.010
  51.089535  15.621303     74.595     0.024     2.604    -0.000     0.000     1.000     0.361     0.010
  51.590681  15.585687     62.946     0.031     2.197    -0.000     0.000     1.000     0.456     0.013
  52.091651  15.548938     58.518     0.016     2.043    -0.000     0.000     1.000     0.231     0.007
  52.592439  15.511058     49.378     0.002     1.724    -0.000     0.000     1.000     0.029     0.001
  53.093040  15.472050    -29.065     0.000    -1.015     0.000    -0.000     1.000     0.007     0.000
  41.790667  15.629047     58.541     0.002     2.043    -0.000     0.000     1.000     0.023     0.001
  42.293919  15.615232     60.162     0.003     2.100    -0.000     0.000     1.000     0.044     0.001
  42.797101  15.600271    -73.796     0.012    -2.576    -0.000    -0.000     1.000     0.175     0.005
  43.300207  15.584165    -73.014     0.039    -2.549    -0.000    -0.000     1.000     0.577     0.017
  43.803231  15.566917    -88.602     0.031    -3.093    -0.000    -0.000     1.000     0.460     0.013
  44.306168  15.548527     74.855     0.012     2.613    -0.000     0.000     1.000     0.184     0.005
  44.809012  15.528997     76.499     0.007     2.670    -0.000     0.000     1.000     0.106     0.003
  45.311758  15.508329     78.816     0.007     2.751    -0.000     0.000     1.000     0.108     0.003
  45.814401  15.486525     76.326     0.009     2.664    -0.000     0.000     1.000     0.127     0.004
  46.316935  15.463586     73.569     0.010     2.568    -0.000     0.000     1.000     0.145     0.004
  46.819355  15.439515     70.708     0.010     2.468    -0.000     0.000     1.000     0.142     0.004
  47.321656  15.414314     65.109     0.011     2.273    -0.000     0.000     1.000     0.160     0.005
  47.823832  15.387985     61.751     0.012     2.156    -0.000     0.000     1.000     0.181     0.005
  48.325879  15.360529     56.402     0.006     1.969    -0.000     0.000     1.000     0.086     0.002
  48.827790  15.331951      2.162     0.008     0.075     0.000     0.000     1.000     0.114     0.003
  49.329562  15.302251     65.590     0.016     2.290    -0.000     0.000     1.000     0.233     0.007
  49.831189  15.271434     73.474     0.025     2.565    -0.000     0.000     1.000     0.377     0.011
  50.332665  15.239501     77.790     0.020     2.715    -0.000     0.000     1.000     0.291     0.008
  50.833987  15.206455    -89.132     0.012    -3.111    -0.000    -0.000     1.000     0.174     0.005
  51.335149  15.172299     79.354     0.009     2.770    -0.000     0.000     1.000     0.139     0.004
  51.836146  15.137036     64.429     0.005     2.249    -0.000     0.000     1.000     0.078     0.002
  52.336974  15.100669    -35.997     0.001    -1.257     0.000    -0.000     1.000     0.012     0.000
  52.837628  15.063202    -33.904     0.001    -1.183     0.000    -0.000     1.000     0.017     0.000
  53.338103  15.024637    -45.257     0.000    -1.580    -0.000    -0.000     1.000     0.004     0.000
  38.517257  15.247135    -58.476     0.008    -2.041    -0.000    -0.000     1.000     0.117     0.003
  39.020649  15.240959    -57.489     0.023    -2.007    -0.000    -0.000     1.000     0.335     0.010
  39.524009  15.233661    -57.553     0.013    -2.009    -0.000    -0.000     1.000     0.189     0.005
  40.027332  15.225242    -39.608     0.009    -1.383     0.000    -0.000     1.000     0.137     0.004
  40.530611  15.215703    -49.049     0.004    -1.712    -0.000    -0.000     1.000     0.061     0.002
  41.033842  15.205044     81.776     0.002     2.855    -0.000     0.000     1.000     0.027     0.001
  41.537020  15.193267     65.413     0.004     2.283    -0.000     0.000     1.000     0.060     0.002
  42.040139  15.180372     55.901     0.008     1.951    -0.000     0.000     1.000     0.124     0.004
  42.543193  15.166361     50.192     0.017     1.752    -0.000     0.000     1.000     0.247     0.007
  43.046179  15.151235     60.137     0.006     2.099    -0.000     0.000     1.000     0.092     0.003
  43.549089  15.134995    -72.962     0.012    -2.547    -0.000    -0.000     1.000     0.177     0.005
  44.051920  15.117642     66.575     0.019     2.324    -0.000     0.000     1.000     0.277     0.008
  44.554666  15.099179     61.793     0.011     2.157    -0.000     0.000     1.000     0.166     0.005
  45.057323  15.079606     72.974     0.008     2.547    -0.000     0.000     1.000     0.123     0.004
  45.559883  15.058926     73.984     0.008     2.583    -0.000     0.000     1.000     0.113     0.003
  46.062344  15.037140     71.383     0.006     2.492    -0.000     0.000     1.000     0.094     0.003
  46.564700  15.014251     64.905     0.008     2.266    -0.000     0.000     1.000     0.112     0.003
  47.066945  14.990259     60.274     0.011     2.104    -0.000     0.000     1.000     0.164     0.005
  47.569075  14.965168     61.523     0.009     2.148    -0.000     0.000     1.000     0.131     0.004
  48.071085  14.938979     66.480     0.005     2.321    -0.000     0.000     1.000     0.072     0.002
  48.572970  14.911695     61.441     0.002     2.145    -0.000     0.000     1.000     0.027     0.001
  49.074725  14.883318    -82.330     0.005    -2.874    -0.000    -0.000     1.000     0.071     0.002
  49.576346  14.853851     77.759     0.010     2.714    -0.000     0.000     1.000     0.148     0.004
  50.077827  14.823296     77.402     0.007     2.702    -0.000     0.000     1.000     0.110     0.003
  50.579164  14.791655     85.327     0.004     2.978    -0.000     0.000     1.000     0.055     0.002
  51.080352  14.758932    -75.006     0.002    -2.618    -0.000    -0.000     1.000     0.027     0.001
  51.581388  14.725129    -78.229     0.001    -2.731    -0.000    -0.000     1.000     0.009     0.000
  52.082265  14.690250    -32.454     0.000    -1.133     0.000    -0.000     1.000     0.006     0.000
  52.582980  14.654297    -32.907     0.002    -1.149     0.000    -0.000     1.000     0.035     0.001
  53.083528  14.617273    -34.556     0.001    -1.206     0.000    -0.000     1.000     0.015     0.000
  53.583906  14.579181    -21.915     0.000    -0.765     0.000    -0.000     1.000     0.002     0.000
  38.264822  14.807175    -60.766     0.002    -2.121    -0.000    -0.000     1.000     0.022     0.001
  38.768069  14.801711    -57.398     0.010    -2.004    -0.000    -0.000     1.000     0.155     0.004
  39.271288  14.795156    -51.530     0.029    -1.799    -0.000    -0.000     1.000     0.430     0.012
  39.774475  14.787509    -38.794     0.021    -1.354     0.000    -0.000     1.000     0.312     0.009
  40.277623  14.778772    -37.368     0.018    -1.304     0.000    -0.000     1.000     0.263     0.008
  40.780728  14.768946    -54.651     0.005    -1.908    -0.000    -0.000     1.000     0.068     0.002
  41.283786  14.758030     66.384     0.007     2.317    -0.000     0.000     1.000     0.098     0.003
  41.786790  14.746026     59.755     0.016     2.086    -0.000     0.000     1.000     0.232     0.007
  42.289736  14.732936     51.336     0.023     1.792    -0.000     0.000     1.000     0.340     0.010
  42.792620  14.718760     46.877     0.025     1.636    -0.000     0.000     1.000     0.364     0.011
  43.295435  14.703499     43.749     0.019     1.527     0.000     0.000     1.000     0.279     0.008
  43.798178  14.687156     55.060     0.016     1.922    -0.000     0.000     1.000     0.244     0.007
  44.300843  14.669730     55.272     0.016     1.929    -0.000     0.000     1.000     0.237     0.007
  44.803425  14.651224     56.620     0.009     1.976    -0.000     0.000     1.000     0.128     0.004
  45.305921  14.631640     59.581     0.004     2.080    -0.000     0.000     1.000     0.064     0.002
  45.808324  14.610979     57.768     0.005     2.016    -0.000     0.000     1.000     0.076     0.002
  46.310630  14.589242     55.785     0.009     1.947    -0.000     0.000     1.000     0.132     0.004
  46.812835  14.566433     55.552     0.010     1.939    -0.000     0.000     1.000     0.143     0.004
  47.314933  14.542552     57.434     0.005     2.005    -0.000     0.000     1.000     0.076     0.002
  47.816920  14.517602     59.554     0.004     2.079    -0.000     0.000     1.000     0.057     0.002
  48.318792  14.491585     60.071     0.003     2.097    -0.000     0.000     1.000     0.042     0.001
  48.820543  14.464503     83.038     0.001     2.899    -0.000     0.000     1.000     0.014     0.000
  49.322170  14.436358     89.401     0.002     3.121    -0.000     0.000     1.000     0.027     0.001
  49.823667  14.407154     81.270     0.002     2.837    -0.000     0.000     1.000     0.025     0.001
  50.325031  14.376892    -70.738     0.001    -2.469    -0.000    -0.000     1.000     0.014     0.000
  50.826257  14.345575    -53.360     0.001    -1.863    -0.000    -0.000     1.000     0.019     0.001
  51.327340  14.313206    -49.631     0.001    -1.732    -0.000    -0.000     1.000     0.020     0.001
  51.828276  14.279788    -49.840     0.001    -1.740    -0.000    -0.000     1.000     0.012     0.000
  52.329062  14.245323    -46.065     0.000    -1.608    -0.000    -0.000     1.000     0.006     0.000
  52.829692  14.209814    -31.701     0.002    -1.107     0.000    -0.000     1.000     0.031     0.001
  53.330163  14.173264    -25.418     0.001    -0.887     0.000    -0.000     1.000     0.019     0.001
  53.830470  14.135678     -5.437     0.001    -0.190     0.000    -0.000     1.000     0.016     0.000
  38.515762  14.363145    -84.944     0.001    -2.965    -0.000    -0.000     1.000     0.011     0.000
  39.018862  14.357302    -61.851     0.005    -2.159    -0.000    -0.000     1.000     0.080     0.002
  39.521933  14.350398    -43.256     0.020    -1.510     0.000    -0.000     1.000     0.295     0.009
  40.024970  14.342434    -41.221     0.033    -1.439     0.000    -0.000     1.000     0.491     0.014
  40.527970  14.333409    -51.422     0.027    -1.795    -0.000    -0.000     1.000     0.408     0.012
  41.030927  14.323326    -75.086     0.008    -2.621    -0.000    -0.000     1.000     0.116     0.003
  41.533836  14.312184     64.974     0.015     2.268    -0.000     0.000     1.000     0.216     0.006
  42.036693  14.299985     53.075     0.025     1.853    -0.000     0.000     1.000     0.368     0.011
  42.539493  14.286730     50.853     0.034     1.775    -0.000     0.000     1.000     0.508     0.015
  43.042231  14.272420     50.139     0.040     1.750    -0.000     0.001     1.000     0.591     0.017
  43.544903  14.257056     49.157     0.035     1.716    -0.000     0.001     1.000     0.516     0.015
  44.047504  14.240639     46.888     0.013     1.637    -0.000     0.000     1.000     0.193     0.006
  44.550030  14.223172     53.380     0.005     1.863    -0.000     0.000     1.000     0.075     0.002
  45.052476  14.204655     55.922     0.007     1.952    -0.000     0.000     1.000     0.100     0.003
  45.554837  14.185090     58.230     0.008     2.033    -0.000     0.000     1.000     0.126     0.004
  46.057110  14.164479     55.997     0.010     1.955    -0.000     0.000     1.000     0.152     0.004
  46.559288  14.142823     55.469     0.006     1.936    -0.000     0.000     1.000     0.095     0.003
  47.061369  14.120124     56.913     0.004     1.987    -0.000     0.000     1.000     0.058     0.002
  47.563348  14.096385     59.203     0.003     2.067    -0.000     0.000     1.000     0.049     0.001
  48.065220  14.071607     61.439     0.002     2.145    -0.000     0.000     1.000     0.025     0.001
  48.566980  14.045793     63.647     0.001     2.222    -0.000     0.000     1.000     0.011     0.000
  49.068626  14.018944     64.367     0.001     2.247    -0.000     0.000     1.000     0.010     0.000
  49.570151  13.991064     71.343     0.000     2.490    -0.000     0.000     1.000     0.003     0.000
  50.071553  13.962153    -39.669     0.000    -1.385     0.000    -0.000     1.000     0.003     0.000
  50.572827  13.932216    -48.933     0.001    -1.708    -0.000    -0.000     1.000     0.009     0.000
  51.073969  13.901254    -55.903     0.001    -1.951    -0.000    -0.000     1.000     0.016     0.000
  51.574974  13.869270    -58.240     0.001    -2.033    -0.000    -0.000     1.000     0.021     0.001
  52.075839  13.836267    -58.603     0.001    -2.046    -0.000    -0.000     1.000     0.020     0.001
  52.576560  13.802247    -48.975     0.001    -1.710    -0.000    -0.000     1.000     0.011     0.000
  53.077133  13.767214    -26.176     0.002    -0.914     0.000    -0.000     1.000     0.037     0.001
  53.577553  13.731170    -17.270     0.002    -0.603     0.000    -0.000     1.000     0.035     0.001
  54.077818  13.694119     -6.838     0.002    -0.239     0.000    -0.000     1.000     0.030     0.001
  36.754584  13.934540     34.242     0.001     1.195     0.000     0.000     1.000     0.012     0.000
  37.257633  13.932475     35.771     0.000     1.249     0.000     0.000     1.000     0.006     0.000
  38.263692  13.925250     66.971     0.000     2.338    -0.000     0.000     1.000     0.006     0.000
  38.766693  13.920090     81.933     0.003     2.860    -0.000     0.000     1.000     0.038     0.001
  39.269670  13.913898     79.946     0.008     2.791    -0.000     0.000     1.000     0.115     0.003
  39.772617  13.906677    -60.640     0.011    -2.117    -0.000    -0.000     1.000     0.160     0.005
  40.275531  13.898425    -53.272     0.055    -1.860    -0.000    -0.001     1.000     0.809     0.023
  40.778407  13.889144    -63.521     0.043    -2.217    -0.000    -0.001     1.000     0.643     0.019
  41.281240  13.878835    -78.124     0.031    -2.727    -0.000    -0.000     1.000     0.456     0.013
  41.784026  13.867498     63.988     0.027     2.234    -0.000     0.000     1.000     0.398     0.012
  42.286761  13.855134     51.261     0.038     1.789    -0.000     0.001     1.000     0.558     0.016
  42.789441  13.841746     49.537     0.039     1.729    -0.000     0.001     1.000     0.577     0.017
  43.292060  13.827332     45.596     0.035     1.592    -0.000     0.001     1.000     0.514     0.015
  43.794614  13.811896     45.086     0.020     1.574    -0.000     0.000     1.000     0.297     0.009
  44.297100  13.795438      9.934     0.005     0.347     0.000     0.000     1.000     0.074     0.002
  44.799513  13.777960     -8.672     0.006    -0.303     0.000    -0.000     1.000     0.092     0.003
  45.301849  13.759462     52.905     0.007     1.847    -0.000     0.000     1.000     0.099     0.003
  45.804103  13.739948     54.013     0.008     1.885    -0.000     0.000     1.000     0.117     0.003
  46.306271  13.719417     57.738     0.005     2.015    -0.000     0.000     1.000     0.074     0.002
  46.808349  13.697873     61.205     0.004     2.136    -0.000     0.000     1.000     0.061     0.002
  47.310333  13.675317     62.845     0.002     2.194    -0.000     0.000     1.000     0.026     0.001
  47.812218  13.651751     64.702     0.001     2.259    -0.000     0.000     1.000     0.011     0.000
  48.314002  13.627177     61.707     0.001     2.154    -0.000     0.000     1.000     0.010     0.000
  48.815678  13.601596     59.436     0.000     2.075    -0.000     0.000     1.000     0.006     0.000
  51.322325  13.458684    -60.616     0.001    -2.116    -0.000    -0.000     1.000     0.009     0.000
  51.823280  13.427117    -60.379     0.001    -2.108    -0.000    -0.000     1.000     0.014     0.000
  52.324101  13.394560    -54.358     0.001    -1.897    -0.000    -0.000     1.000     0.020     0.001
  52.824784  13.361017    -42.053     0.001    -1.468     0.000    -0.000     1.000     0.022     0.001
  53.325326  13.326491    -60.229     0.003    -2.102    -0.000    -0.000     1.000     0.042     0.001
  53.825723  13.290984    -84.894     0.007    -2.963    -0.000    -0.000     1.000     0.103     0.003
  54.325972  13.254500    -89.953     0.007    -3.140    -0.000    -0.000     1.000     0.107     0.003
  36.502966  13.495529     29.313     0.004     1.023     0.000     0.000     1.000     0.059     0.002
  37.005928  13.494026     31.371     0.005     1.095     0.000     0.000     1.000     0.068     0.002
  37.508882  13.491521     26.728     0.001     0.933     0.000     0.000     1.000     0.015     0.000
  38.011823  13.488015     50.351     0.001     1.758    -0.000     0.000     1.000     0.015     0.000
  38.514747  13.483507    -83.740     0.002    -2.923    -0.000    -0.000     1.000     0.026     0.001
  39.017650  13.477999    -74.824     0.008    -2.612    -0.000    -0.000     1.000     0.121     0.004
  39.520527  13.471490     69.371     0.021     2.421    -0.000     0.000     1.000     0.308     0.009
  40.023375  13.463981     89.379     0.016     3.120    -0.000     0.000     1.000     0.244     0.007
  40.526190  13.455473    -61.150     0.028    -2.135    -0.000    -0.000     1.000     0.416     0.012
  41.028966  13.445967    -84.848     0.036    -2.962    -0.001    -0.000     1.000     0.530     0.015
  41.531701  13.435463     81.680     0.040     2.851    -0.001     0.000     1.000     0.593     0.017
  42.034390  13.423962     52.091     0.035     1.818    -0.000     0.001     1.000     0.518     0.015
  42.537028  13.411465     45.890     0.031     1.602    -0.000     0.000     1.000     0.462     0.013
  43.039612  13.397974     44.705     0.026     1.561     0.000     0.000     1.000     0.392     0.011
  43.542137  13.383489     43.025     0.015     1.502     0.000     0.000     1.000     0.228     0.007
  44.044600  13.368011     40.183     0.012     1.403     0.000     0.000     1.000     0.182     0.005
  44.546997  13.351543    -19.262     0.003    -0.672     0.000    -0.000     1.000     0.051     0.001
  45.049323  13.334084    -10.467     0.004    -0.365     0.000    -0.000     1.000     0.055     0.002
  45.551574  13.315638     56.268     0.005     1.964    -0.000     0.000     1.000     0.080     0.002
  46.053746  13.296205     60.223     0.004     2.102    -0.000     0.000     1.000     0.066     0.002
  46.555837  13.275787     61.949     0.002     2.162    -0.000     0.000     1.000     0.028     0.001
  47.057840  13.254386     65.589     0.001     2.289    -0.000     0.000     1.000     0.010     0.000
  47.559753  13.232004     62.644     0.001     2.187    -0.000     0.000     1.000     0.008     0.000
  48.061572  13.208642     59.982     0.000     2.094    -0.000     0.000     1.000     0.004     0.000
  52.072281  12.986740    -34.364     0.000    -1.200     0.000    -0.000     1.000     0.005     0.000
  52.573084  12.954661    -28.562     0.001    -0.997     0.000    -0.000     1.000     0.014     0.000
  53.073756  12.921626    -84.165     0.006    -2.938    -0.000    -0.000     1.000     0.085     0.002
  53.574293  12.887638     89.750     0.044     3.133    -0.001     0.000     1.000     0.656     0.019
  54.074693  12.852700     87.762     0.073     3.063    -0.001     0.000     1.000     1.077     0.031
  54.574952  12.816814     88.492     0.028     3.089    -0.000     0.000     1.000     0.413     0.012
  36.251450  13.057259     29.833     0.011     1.041     0.000     0.000     1.000     0.160     0.005
  36.754347  13.056287     26.307     0.011     0.918     0.000     0.000     1.000     0.170     0.005
  37.257238  13.054344     17.772     0.004     0.620     0.000     0.000     1.000     0.062     0.002
  37.760120  13.051430     35.800     0.008     1.250     0.000     0.000     1.000     0.124     0.004
  38.262987  13.047545     53.955     0.005     1.883    -0.000     0.000     1.000     0.068     0.002
  38.765837  13.042690     83.701     0.005     2.922    -0.000     0.000     1.000     0.072     0.002
  39.268665  13.036864     73.915     0.005     2.580    -0.000     0.000     1.000     0.074     0.002
  39.771467  13.030068     32.421     0.018     1.132     0.000     0.000     1.000     0.264     0.008
  40.274240  13.022304     31.671     0.021     1.106     0.000     0.000     1.000     0.308     0.009
  40.776979  13.013570     53.832     0.025     1.879    -0.000     0.000     1.000     0.370     0.011
  41.279681  13.003869     55.857     0.028     1.950    -0.000     0.000     1.000     0.414     0.012
  41.782342  12.993202     41.080     0.030     1.434     0.000     0.000     1.000     0.438     0.013
  42.284958  12.981568     38.933     0.027     1.359     0.000     0.000     1.000     0.395     0.011
  42.787524  12.968969     44.432     0.021     1.551     0.000     0.000     1.000     0.304     0.009
  43.290038  12.955406     52.459     0.012     1.831    -0.000     0.000     1.000     0.183     0.005
  43.792495  12.940880     59.919     0.017     2.092    -0.000     0.000     1.000     0.252     0.007
  44.294891  12.925393     81.142     0.013     2.832    -0.000     0.000     1.000     0.195     0.006
  44.797224  12.908945    -65.761     0.010    -2.295    -0.000    -0.000     1.000     0.144     0.004
  45.299488  12.891539    -89.195     0.001    -3.113    -0.000    -0.000     1.000     0.012     0.000
  45.801680  12.873175     58.326     0.002     2.036    -0.000     0.000     1.000     0.029     0.001
  46.303798  12.853855     60.066     0.001     2.097    -0.000     0.000     1.000     0.010     0.000
  46.805835  12.833581     58.472     0.000     2.041    -0.000     0.000     1.000     0.006     0.000
  47.307790  12.812354     53.253     0.000     1.859    -0.000     0.000     1.000     0.003     0.000
  47.809659  12.790177     19.120     0.000     0.667     0.000     0.000     1.000     0.001     0.000
  48.311437  12.767051      5.330     0.000     0.186     0.000     0.000     1.000     0.001     0.000
  48.813122  12.742978      7.241     0.000     0.253     0.000     0.000     1.000     0.001     0.000
  49.314710  12.717960      3.016     0.000     0.105     0.000     0.000     1.000     0.001     0.000
  49.816197  12.691999     -0.638     0.000    -0.022     0.000    -0.000     1.000     0.001     0.000
  50.317580  12.665098     -1.864     0.000    -0.065     0.000    -0.000     1.000     0.002     0.000
  50.818855  12.637258      3.546     0.000     0.124     0.000     0.000     1.000     0.000     0.000
  51.320019  12.608482     82.023     0.000     2.863    -0.000     0.000     1.000     0.001     0.000
  51.821068  12.578773     76.724     0.000     2.678    -0.000     0.000     1.000     0.001     0.000
  52.322000  12.548133     -5.731     0.001    -0.200     0.000    -0.000     1.000     0.008     0.000
  52.822811  12.516564    -88.780     0.001    -3.099    -0.000    -0.000     1.000     0.021     0.001
  53.323498  12.484069     86.505     0.039     3.020    -0.001     0.000     1.000     0.578     0.017
  53.824057  12.450650     85.048     0.145     2.969    -0.002     0.000     1.000     2.157     0.063
  54.324485  12.416312     86.844     0.084     3.031    -0.001     0.000     1.000     1.252     0.036
  35.497146  12.619249     35.212     0.006     1.229     0.000     0.000     1.000     0.084     0.002
  36.000000  12.619720     35.748     0.018     1.248     0.000     0.000     1.000     0.269     0.008
  36.502854  12.619249     32.043     0.025     1.119     0.000     0.000     1.000     0.377     0.011
  37.005705  12.617838     50.505     0.011     1.763    -0.000     0.000     1.000     0.158     0.005
  37.508548  12.615486     43.647     0.016     1.524     0.000     0.000     1.000     0.238     0.007
  38.011380  12.612193     29.930     0.013     1.045     0.000     0.000     1.000     0.188     0.005
  38.514197  12.607960     42.332     0.007     1.478     0.000     0.000     1.000     0.100     0.003
  39.016996  12.602787     35.168     0.010     1.228     0.000     0.000     1.000     0.152     0.004
  39.519772  12.596675     21.513     0.028     0.751     0.000     0.000     1.000     0.408     0.012
  40.022523  12.589624     26.277     0.060     0.917     0.001     0.001     1.000     0.889     0.026
  40.525244  12.581634     42.815     0.057     1.495     0.000     0.001     1.000     0.840     0.024
  41.027932  12.572707     56.907     0.029     1.986    -0.000     0.000     1.000     0.435     0.013
  41.530584  12.562843     47.123     0.034     1.645    -0.000     0.001     1.000     0.507     0.015
  42.033195  12.552042     49.069     0.029     1.713    -0.000     0.000     1.000     0.425     0.012
  42.535762  12.540307     53.641     0.018     1.872    -0.000     0.000     1.000     0.261     0.008
  43.038281  12.527637     61.802     0.018     2.157    -0.000     0.000     1.000     0.263     0.008
  43.540749  12.514034     63.730     0.019     2.225    -0.000     0.000     1.000     0.275     0.008
  44.043163  12.499499     77.949     0.012     2.721    -0.000     0.000     1.000     0.184     0.005
  44.545518  12.484033    -85.782     0.010    -2.994    -0.000    -0.000     1.000     0.149     0.004
  45.047811  12.467638    -85.510     0.004    -2.985    -0.000    -0.000     1.000     0.052     0.002
  45.550039  12.450314     64.008     0.000     2.234    -0.000     0.000     1.000     0.007     0.000
  46.052198  12.432064     54.222     0.000     1.893    -0.000     0.000     1.000     0.007     0.000
  46.554285  12.412889     54.898     0.000     1.916    -0.000     0.000     1.000     0.004     0.000
  47.056296  12.392790     45.818     0.000     1.599    -0.000     0.000     1.000     0.001     0.000
  47.558227  12.371770     77.531     0.000     2.706    -0.000     0.000     1.000     0.001     0.000
  48.060077  12.349829     85.597     0.000     2.988    -0.000     0.000     1.000     0.002     0.000
  48.561840  12.326971     85.440     0.000     2.982    -0.000     0.000     1.000     0.005     0.000
  49.063514  12.303196     85.514     0.000     2.985    -0.000     0.000     1.000     0.007     0.000
  49.565096  12.278506     86.031     0.001     3.003    -0.000     0.000     1.000     0.008     0.000
  50.066582  12.252904     86.763     0.001     3.029    -0.000     0.000     1.000     0.008     0.000
  50.567968  12.226393     87.509     0.001     3.055    -0.000     0.000     1.000     0.008     0.000
  51.069253  12.198973     88.260     0.000     3.081    -0.000     0.000     1.000     0.007     0.000
  51.570432  12.170648     88.071     0.000     3.074    -0.000     0.000     1.000     0.006     0.000
  52.071502  12.141419    -18.154     0.000    -0.634     0.000    -0.000     1.000     0.000     0.000
  52.572461  12.111290     -4.122     0.001    -0.144     0.000    -0.000     1.000     0.018     0.001
  53.073305  12.080262     84.104     0.003     2.936    -0.000     0.000     1.000     0.045     0.001
  53.574032  12.048338     83.432     0.026     2.912    -0.000     0.000     1.000     0.385     0.011
  54.074637  12.015522     85.191     0.037     2.974    -0.001     0.000     1.000     0.550     0.016
  35.245753  12.181992     27.091     0.005     0.946     0.000     0.000     1.000     0.070     0.002
  35.748584  12.182902     34.454     0.022     1.203     0.000     0.000     1.000     0.324     0.009
  36.251417  12.182902     38.963     0.026     1.360     0.000     0.000     1.000     0.392     0.011
  36.754248  12.181992     62.151     0.024     2.169    -0.000     0.000     1.000     0.363     0.011
  37.257073  12.180171     59.219     0.018     2.067    -0.000     0.000     1.000     0.270     0.008
  37.759890  12.177441     42.734     0.019     1.492     0.000     0.000     1.000     0.286     0.008
  38.262695  12.173800     19.901     0.019     0.695     0.000     0.000     1.000     0.282     0.008
  38.765485  12.169251     17.559     0.017     0.613     0.000     0.000     1.000     0.259     0.008
  39.268256  12.163791     35.530     0.014     1.240     0.000     0.000     1.000     0.206     0.006
  39.771004  12.157424     15.101     0.045     0.527     0.001     0.000     1.000     0.667     0.019
  40.273726  12.150148     16.418     0.060     0.573     0.001     0.000     1.000     0.892     0.026
  40.776420  12.141964     43.979     0.027     1.535     0.000     0.000     1.000     0.402     0.012
  41.279080  12.132874     68.248     0.079     2.382    -0.001     0.001     1.000     1.167     0.034
  41.781705  12.122878     71.922     0.081     2.511    -0.001     0.001     1.000     1.198     0.035
  42.284290  12.111976     71.878     0.026     2.509    -0.000     0.000     1.000     0.386     0.011
  42.786833  12.100170     65.563     0.013     2.289    -0.000     0.000     1.000     0.194     0.006
  43.289329  12.087461     59.017     0.009     2.060    -0.000     0.000     1.000     0.132     0.004
  43.791776  12.073849     86.485     0.003     3.019    -0.000     0.000     1.000     0.044     0.001
  44.294170  12.059336    -71.716     0.004    -2.503    -0.000    -0.000     1.000     0.060     0.002
  44.796509  12.043924    -84.030     0.002    -2.933    -0.000    -0.000     1.000     0.027     0.001
  45.298787  12.027612     76.910     0.001     2.685    -0.000     0.000     1.000     0.014     0.000
  45.801004  12.010404     73.941     0.001     2.581    -0.000     0.000     1.000     0.013     0.000
  46.303154  11.992299     82.872     0.001     2.893    -0.000     0.000     1.000     0.012     0.000
  46.805235  11.973300     85.102     0.001     2.971    -0.000     0.000     1.000     0.013     0.000
  47.307244  11.953409     86.109     0.001     3.006    -0.000     0.000     1.000     0.012     0.000
  47.809178  11.932626     86.895     0.001     3.033    -0.000     0.000     1.000     0.010     0.000
  48.311033  11.910954     88.188     0.000     3.078    -0.000     0.000     1.000     0.007     0.000
  48.812806  11.888394    -88.987     0.000    -3.106    -0.000    -0.000     1.000     0.004     0.000
  49.314495  11.864949    -81.784     0.000    -2.855    -0.000    -0.000     1.000     0.002     0.000
  49.816096  11.840620    -48.208     0.000    -1.683    -0.000    -0.000     1.000     0.001     0.000
  50.317605  11.815409    -30.074     0.000    -1.050     0.000    -0.000     1.000     0.001     0.000
  50.819021  11.789318    -76.971     0.000    -2.687    -0.000    -0.000     1.000     0.000     0.000
  51.320340  11.762350     87.635     0.000     3.059    -0.000     0.000     1.000     0.002     0.000
  51.821559  11.734507     85.961     0.000     3.001    -0.000     0.000     1.000     0.001     0.000
  52.322675  11.705791     -3.889     0.000    -0.136     0.000    -0.000     1.000     0.004     0.000
  34.994338  11.745477     24.453     0.006     0.854     0.000     0.000     1.000     0.082     0.002
  35.497168  11.746796     21.968     0.022     0.767     0.000     0.000     1.000     0.332     0.010
  36.000000  11.747236     40.174     0.028     1.402     0.000     0.000     1.000     0.418     0.012
  36.502833  11.746796     58.308     0.029     2.035    -0.000     0.000     1.000     0.429     0.012
  37.005662  11.745477     58.396     0.023     2.038    -0.000     0.000     1.000     0.345     0.010
  37.508485  11.743278     52.915     0.021     1.847    -0.000     0.000     1.000     0.313     0.009
  38.011299  11.740200     27.942     0.022     0.975     0.000     0.000     1.000     0.321     0.009
  38.514099  11.736243     17.618     0.025     0.615     0.000     0.000     1.000     0.370     0.011
  39.016884  11.731407     21.762     0.027     0.760     0.000     0.000     1.000     0.401     0.012
  39.519649  11.725693     23.013     0.018     0.803     0.000     0.000     1.000     0.270     0.008
  40.022392  11.719101     -0.609     0.071    -0.021     0.001    -0.000     1.000     1.058     0.031
  40.525109  11.711631    -12.001     0.079    -0.419     0.001    -0.000     1.000     1.179     0.034
  41.027798  11.703285     63.042     0.081     2.201    -0.001     0.001     1.000     1.207     0.035
  41.530454  11.694063     73.437     0.120     2.563    -0.001     0.001     1.000     1.774     0.051
  42.033076  11.683966     75.913     0.041     2.650    -0.001     0.000     1.000     0.605     0.018
  42.535659  11.672995     69.571     0.012     2.428    -0.000     0.000     1.000     0.182     0.005
  43.038201  11.661150     50.409     0.004     1.760    -0.000     0.000     1.000     0.063     0.002
  43.540698  11.648433    -64.847     0.001    -2.264    -0.000    -0.000     1.000     0.021     0.001
  44.043148  11.634844    -61.107     0.003    -2.133    -0.000    -0.000     1.000     0.049     0.001
  44.545548  11.620385    -82.621     0.001    -2.884    -0.000    -0.000     1.000     0.018     0.001
  45.047893  11.605057     75.318     0.001     2.629    -0.000     0.000     1.000     0.013     0.000
  45.550182  11.588861     78.653     0.000     2.746    -0.000     0.000     1.000     0.007     0.000
  46.052411  11.571799     88.309     0.000     3.083    -0.000     0.000     1.000     0.003     0.000
  46.554577  11.553872    -29.198     0.000    -1.019     0.000    -0.000     1.000     0.001     0.000
  47.056678  11.535081    -14.741     0.000    -0.515     0.000    -0.000     1.000     0.003     0.000
  47.558709  11.515428    -12.397     0.000    -0.433     0.000    -0.000     1.000     0.003     0.000
  48.060669  11.494915    -12.870     0.000    -0.449     0.000    -0.000     1.000     0.002     0.000
  48.562555  11.473543    -15.541     0.000    -0.542     0.000    -0.000     1.000     0.001     0.000
  49.064363  11.451314    -63.104     0.000    -2.203    -0.000    -0.000     1.000     0.000     0.000
  49.566090  11.428231     86.103     0.000     3.006    -0.000     0.000     1.000     0.000     0.000
  50.067734  11.404294     -4.366     0.000    -0.152     0.000    -0.000     1.000     0.000     0.000
  50.569293  11.379506     -5.265     0.000    -0.184     0.000    -0.000     1.000     0.000     0.000
  34.742869  11.309695     36.335     0.007     1.268     0.000     0.000     1.000     0.107     0.003
  35.245719  11.311393     28.592     0.023     0.998     0.000     0.000     1.000     0.347     0.010
  35.748573  11.312241     23.179     0.025     0.809     0.000     0.000     1.000     0.367     0.011
  36.251428  11.312241     39.405     0.015     1.376     0.000     0.000     1.000     0.220     0.006
  36.754282  11.311393     61.620     0.015     2.151    -0.000     0.000     1.000     0.222     0.006
  37.257131  11.309695     47.265     0.015     1.650    -0.000     0.000     1.000     0.227     0.007
  37.759973  11.307149     47.599     0.022     1.662    -0.000     0.000     1.000     0.319     0.009
  38.262805  11.303754     42.683     0.018     1.490     0.000     0.000     1.000     0.262     0.008
  38.765623  11.299511     48.685     0.015     1.699    -0.000     0.000     1.000     0.220     0.006
  39.268425  11.294420     80.090     0.017     2.796    -0.000     0.000     1.000     0.257     0.007
  39.771207  11.288482    -22.001     0.043    -0.768     0.000    -0.000     1.000     0.638     0.019
  40.273967  11.281697    -20.931     0.086    -0.731     0.001    -0.001     1.000     1.282     0.037
  40.776702  11.274066     -9.374     0.040    -0.327     0.001    -0.000     1.000     0.591     0.017
  41.279409  11.265589     65.029     0.039     2.270    -0.000     0.000     1.000     0.581     0.017
  41.782085  11.256266     63.791     0.032     2.227    -0.000     0.000     1.000     0.469     0.014
  42.284727  11.246100     50.974     0.025     1.779    -0.000     0.000     1.000     0.369     0.011
  42.787331  11.235090     44.083     0.016     1.539     0.000     0.000     1.000     0.241     0.007
  43.289896  11.223238    -16.936     0.000    -0.591     0.000    -0.000     1.000     0.006     0.000
  43.792418  11.210545    -49.028     0.003    -1.711    -0.000    -0.000     1.000     0.040     0.001
  44.294895  11.197010    -41.432     0.000    -1.446     0.000    -0.000     1.000     0.007     0.000
  44.797323  11.182637     -0.831     0.000    -0.029     0.000    -0.000     1.000     0.005     0.000
  45.299700  11.167425     -3.551     0.000    -0.124     0.000    -0.000     1.000     0.005     0.000
  45.802022  11.151377     -9.424     0.000    -0.329     0.000    -0.000     1.000     0.004     0.000
  46.304288  11.134493    -10.883     0.000    -0.380     0.000    -0.000     1.000     0.003     0.000
  46.806494  11.116775     -9.691     0.000    -0.338     0.000    -0.000     1.000     0.002     0.000
  47.308638  11.098224     -6.665     0.000    -0.233     0.000    -0.000     1.000     0.001     0.000
  47.810716  11.078842     -2.877     0.000    -0.100     0.000    -0.000     1.000     0.001     0.000
  48.312727  11.058630      3.353     0.000     0.117     0.000     0.000     1.000     0.000     0.000
  48.814667  11.037591     19.566     0.000     0.683     0.000     0.000     1.000     0.000     0.000
  49.316533  11.015725     41.785     0.000     1.459     0.000     0.000     1.000     0.000     0.000
  34.491314  10.874637     44.361     0.008     1.548     0.000     0.000     1.000     0.113     0.003
  34.994205  10.876682     38.762     0.027     1.353     0.000     0.000     1.000     0.402     0.012
  35.497101  10.877909     21.915     0.030     0.765     0.000     0.000     1.000     0.452     0.013
  36.000000  10.878318     28.899     0.021     1.009     0.000     0.000     1.000     0.314     0.009
  36.502899  10.877909     48.545     0.013     1.695    -0.000     0.000     1.000     0.200     0.006
  37.005796  10.876682     61.138     0.006     2.134    -0.000     0.000     1.000     0.092     0.003
  37.508687  10.874637     51.567     0.008     1.800    -0.000     0.000     1.000     0.126     0.004
  38.011569  10.871774     51.219     0.025     1.788    -0.000     0.000     1.000     0.371     0.011
  38.514441  10.868094     52.279     0.023     1.825    -0.000     0.000     1.000     0.336     0.010
  39.017299  10.863596     86.467     0.018     3.018    -0.000     0.000     1.000     0.264     0.008
  39.520140  10.858282    -70.154     0.029    -2.449    -0.000    -0.000     1.000     0.423     0.012
  40.022962  10.852151    -50.340     0.037    -1.757    -0.000    -0.001     1.000     0.551     0.016
  40.525762  10.845204    -36.402     0.026    -1.271     0.000    -0.000     1.000     0.392     0.011
  41.028537  10.837442     41.880     0.006     1.462     0.000     0.000     1.000     0.088     0.003
  41.531285  10.828865     56.730     0.026     1.980    -0.000     0.000     1.000     0.381     0.011
  42.034002  10.819475     45.404     0.037     1.585    -0.000     0.001     1.000     0.546     0.016
  42.536687  10.809271     37.880     0.019     1.322     0.000     0.000     1.000     0.274     0.008
  43.039336  10.798255     13.724     0.002     0.479     0.000     0.000     1.000     0.030     0.001
  43.541948  10.786427    -45.274     0.002    -1.580    -0.000    -0.000     1.000     0.027     0.001
  44.044518  10.773789    -41.092     0.000    -1.434     0.000    -0.000     1.000     0.007     0.000
  44.547044  10.760341      3.542     0.000     0.124     0.000     0.000     1.000     0.002     0.000
  45.049525  10.746085      2.488     0.000     0.087     0.000     0.000     1.000     0.002     0.000
  45.551956  10.731022     -5.028     0.000    -0.175     0.000    -0.000     1.000     0.001     0.000
  46.054337  10.715152     -3.507     0.000    -0.122     0.000    -0.000     1.000     0.000     0.000
  46.556663  10.698479     56.536     0.000     1.973    -0.000     0.000     1.000     0.000     0.000
  47.058932  10.681002     66.703     0.000     2.328    -0.000     0.000     1.000     0.000     0.000
  47.561143  10.662723     67.445     0.000     2.354    -0.000     0.000     1.000     0.000     0.000
  48.063292  10.643644     55.245     0.000     1.928    -0.000     0.000     1.000     0.000     0.000
  34.239641  10.440293     57.765     0.003     2.016    -0.000     0.000     1.000     0.047     0.001
  34.742594  10.442654     46.040     0.017     1.607    -0.000     0.000     1.000     0.252     0.007
  35.245554  10.444228     36.314     0.030     1.268     0.000     0.000     1.000     0.446     0.013
  35.748518  10.445015     26.053     0.029     0.909     0.000     0.000     1.000     0.427     0.012
  36.251483  10.445015     31.084     0.016     1.085     0.000     0.000     1.000     0.234     0.007
  36.754446  10.444228     74.998     0.010     2.618    -0.000     0.000     1.000     0.145     0.004
  37.257406  10.442654     59.873     0.007     2.090    -0.000     0.000     1.000     0.105     0.003
  37.760360  10.440293     60.760     0.018     2.121    -0.000     0.000     1.000     0.260     0.008
  38.263304  10.437144     57.022     0.022     1.990    -0.000     0.000     1.000     0.321     0.009
  38.766238  10.433210     67.013     0.017     2.339    -0.000     0.000     1.000     0.256     0.007
  39.269157  10.428489    -74.024     0.028    -2.584    -0.000    -0.000     1.000     0.409     0.012
  39.772059  10.422983    -66.067     0.044    -2.306    -0.000    -0.000     1.000     0.649     0.019
  40.274943  10.416691     78.503     0.012     2.740    -0.000     0.000     1.000     0.171     0.005
  40.777805  10.409614     47.087     0.017     1.644    -0.000     0.000     1.000     0.256     0.007
  41.280643  10.401753     59.825     0.021     2.088    -0.000     0.000     1.000     0.316     0.009
  41.783454  10.393108     51.355     0.028     1.793    -0.000     0.000     1.000     0.420     0.012
  42.286237  10.383680     44.020     0.020     1.537     0.000     0.000     1.000     0.294     0.009
  42.788987  10.373471     31.719     0.005     1.107     0.000     0.000     1.000     0.067     0.002
  43.291704  10.362479    -38.983     0.001    -1.361     0.000    -0.000     1.000     0.016     0.000
  43.794384  10.350708    -48.205     0.000    -1.683    -0.000    -0.000     1.000     0.006     0.000
  44.297025  10.338157     54.835     0.000     1.914    -0.000     0.000     1.000     0.000     0.000
  44.799625  10.324828     53.852     0.000     1.880    -0.000     0.000     1.000     0.001     0.000
  45.302181  10.310721     69.450     0.000     2.424    -0.000     0.000     1.000     0.000     0.000
  45.804690  10.295838     75.726     0.000     2.643    -0.000     0.000     1.000     0.000     0.000
  46.307151  10.280181     75.699     0.000     2.642    -0.000     0.000     1.000     0.000     0.000
  34.490856  10.009300     66.734     0.004     2.329    -0.000     0.000     1.000     0.058     0.002
  34.993900  10.011191     35.569     0.019     1.242     0.000     0.000     1.000     0.275     0.008
  35.496949  10.012325     30.096     0.029     1.051     0.000     0.000     1.000     0.425     0.012
  36.000000  10.012703     26.459     0.020     0.924     0.000     0.000     1.000     0.296     0.009
  36.503052  10.012325     73.829     0.012     2.577    -0.000     0.000     1.000     0.176     0.005
  37.006101  10.011191     64.059     0.012     2.236    -0.000     0.000     1.000     0.182     0.005
  37.509145  10.009300     63.517     0.012     2.217    -0.000     0.000     1.000     0.173     0.005
  38.012182  10.006654     60.645     0.017     2.117    -0.000     0.000     1.000     0.259     0.008
  38.515210  10.003252     58.395     0.011     2.038    -0.000     0.000     1.000     0.165     0.005
  39.018226   9.999094    -66.932     0.019    -2.336    -0.000    -0.000     1.000     0.279     0.008
  39.521228   9.994182    -58.398     0.059    -2.038    -0.000    -0.001     1.000     0.879     0.026
  40.024214   9.988514    -88.081     0.014    -3.075    -0.000    -0.000     1.000     0.207     0.006
  40.527181   9.982093     44.374     0.034     1.549     0.000     0.001     1.000     0.506     0.015
  41.030127   9.974917     57.846     0.024     2.019    -0.000     0.000     1.000     0.351     0.010
  41.533050   9.966989     62.307     0.024     2.175    -0.000     0.000     1.000     0.361     0.010
  42.035947   9.958308     67.883     0.015     2.370    -0.000     0.000     1.000     0.218     0.006
  42.538816   9.948875     82.293     0.002     2.873    -0.000     0.000     1.000     0.036     0.001
  43.041655   9.938691    -36.914     0.001    -1.289     0.000    -0.000     1.000     0.012     0.000
  43.544462   9.927758    -39.662     0.000    -1.384     0.000    -0.000     1.000     0.005     0.000
  44.047234   9.916074     88.219     0.000     3.079    -0.000     0.000     1.000     0.001     0.000
  44.549969   9.903643     61.184     0.000     2.136    -0.000     0.000     1.000     0.001     0.000
  45.052664   9.890464     67.520     0.000     2.357    -0.000     0.000     1.000     0.000     0.000
  34.238958   9.576612     34.360     0.004     1.199     0.000     0.000     1.000     0.058     0.002
  34.742108   9.578787     30.069     0.015     1.050     0.000     0.000     1.000     0.222     0.006
  35.245263   9.580237     31.921     0.016     1.114     0.000     0.000     1.000     0.245     0.007
  35.748421   9.580962     25.897     0.023     0.904     0.000     0.000     1.000     0.336     0.010
  36.251580   9.580962     53.570     0.012     1.870    -0.000     0.000     1.000     0.185     0.005
  36.754738   9.580237     51.152     0.009     1.786    -0.000     0.000     1.000     0.141     0.004
  37.257893   9.578787     42.515     0.009     1.484     0.000     0.000     1.000     0.135     0.004
  37.761042   9.576612     58.433     0.009     2.040    -0.000     0.000     1.000     0.134     0.004
  38.264184   9.573711     38.117     0.002     1.331     0.000     0.000     1.000     0.035     0.001
  38.767316   9.570087    -29.520     0.016    -1.030     0.000    -0.000     1.000     0.237     0.007
  39.270437   9.565738    -46.004     0.049    -1.606    -0.000    -0.001     1.000     0.733     0.021
  39.773543   9.560665    -66.111     0.014    -2.308    -0.000    -0.000     1.000     0.201     0.006
  40.276634   9.554868     48.663     0.024     1.699    -0.000     0.000     1.000     0.352     0.010
  40.779706   9.548349     59.246     0.028     2.068    -0.000     0.000     1.000     0.418     0.012
  41.282758   9.541107     70.937     0.029     2.476    -0.000     0.000     1.000     0.437     0.013
  41.785787   9.533143     81.958     0.032     2.861    -0.000     0.000     1.000     0.474     0.014
  42.288792   9.524457    -89.832     0.013    -3.136    -0.000    -0.000     1.000     0.189     0.005
  42.791770   9.515052    -72.517     0.002    -2.531    -0.000    -0.000     1.000     0.024     0.001
  43.294720   9.504926    -35.163     0.000    -1.227     0.000    -0.000     1.000     0.006     0.000
  34.490147   9.147008     34.141     0.015     1.192     0.000     0.000     1.000     0.216     0.006
  34.993428   9.148743     39.402     0.015     1.375     0.000     0.000     1.000     0.218     0.006
  35.496713   9.149784     28.614     0.008     0.999     0.000     0.000     1.000     0.123     0.004
  36.000000   9.150131     33.809     0.012     1.180     0.000     0.000     1.000     0.172     0.005
  36.503287   9.149784     28.645     0.016     1.000     0.000     0.000     1.000     0.241     0.007
  37.006572   9.148743     11.562     0.018     0.404     0.000     0.000     1.000     0.273     0.008
  37.509853   9.147008      7.954     0.016     0.278     0.000     0.000     1.000     0.238     0.007
  38.013129   9.144579      7.781     0.025     0.272     0.000     0.000     1.000     0.368     0.011
  38.516396   9.141457    -19.989     0.038    -0.698     0.000    -0.000     1.000     0.560     0.016
  39.019653   9.137641    -24.719     0.081    -0.863     0.001    -0.001     1.000     1.206     0.035
  39.522899   9.133132     -8.242     0.062    -0.288     0.001    -0.000     1.000     0.913     0.026
  40.026131   9.127930      4.917     0.065     0.172     0.001     0.000     1.000     0.967     0.028
  40.529348   9.122037     24.173     0.044     0.844     0.000     0.000     1.000     0.655     0.019
  41.032547   9.115451     61.160     0.023     2.135    -0.000     0.000     1.000     0.337     0.010
  41.535726   9.108174     76.188     0.025     2.659    -0.000     0.000     1.000     0.368     0.011
  42.038884   9.100207     84.349     0.017     2.944    -0.000     0.000     1.000     0.252     0.007
  34.237988   8.715845     35.530     0.002     1.240     0.000     0.000     1.000     0.036     0.001
  34.741415   8.717833     42.979     0.004     1.500     0.000     0.000     1.000     0.059     0.002
  35.244848   8.719159     16.597     0.004     0.579     0.000     0.000     1.000     0.061     0.002
  35.748282   8.719822     22.316     0.014     0.779     0.000     0.000     1.000     0.202     0.006
  36.251718   8.719822     20.743     0.015     0.724     0.000     0.000     1.000     0.224     0.006
  36.755153   8.719159      5.570     0.024     0.194     0.000     0.000     1.000     0.359     0.010
  37.258585   8.717833      5.163     0.024     0.180     0.000     0.000     1.000     0.352     0.010
  37.762013   8.715845      8.856     0.029     0.309     0.000     0.000     1.000     0.436     0.013
  38.265434   8.713194     -0.943     0.041    -0.033     0.001    -0.000     1.000     0.606     0.018
  38.768848   8.709881    -20.071     0.100    -0.701     0.001    -0.001     1.000     1.479     0.043
  39.272251   8.705906    -12.874     0.130    -0.449     0.002    -0.001     1.000     1.930     0.056
  39.775643   8.701269     -6.596     0.100    -0.230     0.001    -0.000     1.000     1.476     0.043
  40.279022   8.695970      9.670     0.057     0.338     0.001     0.000     1.000     0.839     0.024
  40.782385   8.690011     25.879     0.024     0.903     0.000     0.000     1.000     0.350     0.010
  41.285732   8.683391     58.027     0.007     2.026    -0.000     0.000     1.000     0.098     0.003
  41.789060   8.676112     81.572     0.005     2.847    -0.000     0.000     1.000     0.070     0.002
  34.489194   8.287500    -46.822     0.000    -1.634    -0.000    -0.000     1.000     0.004     0.000
  34.992794   8.289078     -8.484     0.001    -0.296     0.000    -0.000     1.000     0.017     0.000
  35.496396   8.290026     16.572     0.013     0.578     0.000     0.000     1.000     0.196     0.006
  36.000000   8.290342     26.816     0.011     0.936     0.000     0.000     1.000     0.165     0.005
  36.503604   8.290026     12.347     0.026     0.431     0.000     0.000     1.000     0.388     0.011
  37.007207   8.289078      7.592     0.028     0.265     0.000     0.000     1.000     0.417     0.012
  37.510806   8.287500      0.888     0.021     0.031     0.000     0.000     1.000     0.314     0.009
  38.014401   8.285289    -19.823     0.028    -0.692     0.000    -0.000     1.000     0.419     0.012
  38.517988   8.282448    -32.466     0.091    -1.133     0.001    -0.001     1.000     1.344     0.039
  39.021568   8.278976    -39.825     0.126    -1.390     0.000    -0.002     1.000     1.875     0.054
  39.525138   8.274873    -20.263     0.053    -0.707     0.001    -0.001     1.000     0.792     0.023
  40.028697   8.270140      3.277     0.031     0.114     0.000     0.000     1.000     0.459     0.013
  40.532243   8.264777     23.608     0.012     0.824     0.000     0.000     1.000     0.177     0.005
  41.035775   8.258784     36.475     0.003     1.273     0.000     0.000     1.000     0.042     0.001
  41.539290   8.252162    -72.843     0.001    -2.543    -0.000    -0.000     1.000     0.008     0.000
  34.740522   7.859533    -43.538     0.001    -1.520     0.000    -0.000     1.000     0.007     0.000
  35.244312   7.860733      7.768     0.002     0.271     0.000     0.000     1.000     0.026     0.001
  35.748104   7.861334     26.009     0.005     0.908     0.000     0.000     1.000     0.073     0.002
  36.251897   7.861334     23.391     0.008     0.817     0.000     0.000     1.000     0.117     0.003
  36.755689   7.860733     13.984     0.025     0.488     0.000     0.000     1.000     0.376     0.011
  37.259479   7.859533      2.484     0.027     0.087     0.000     0.000     1.000     0.406     0.012
  37.763265   7.857733    -25.993     0.034    -0.907     0.000    -0.000     1.000     0.504     0.015
  38.267046   7.855333    -45.200     0.095    -1.578    -0.000    -0.001     1.000     1.406     0.041
  38.770821   7.852333    -53.392     0.250    -1.864    -0.001    -0.004     1.000     3.708     0.108
  39.274587   7.848733    -52.864     0.071    -1.845    -0.000    -0.001     1.000     1.053     0.031
  39.778344   7.844534     16.351     0.010     0.571     0.000     0.000     1.000     0.142     0.004
  40.282091   7.839737     30.188     0.010     1.054     0.000     0.000     1.000     0.148     0.004
  40.785825   7.834341     47.086     0.002     1.644    -0.000     0.000     1.000     0.033     0.001
  41.289545   7.828347    -65.712     0.001    -2.294    -0.000    -0.000     1.000     0.014     0.000
  34.488003   7.430515    -33.823     0.000    -1.181     0.000    -0.000     1.000     0.003     0.000
  34.992000   7.431936    -47.121     0.000    -1.645    -0.000    -0.000     1.000     0.003     0.000
  35.495999   7.432789     12.344     0.000     0.431     0.000     0.000     1.000     0.005     0.000
  36.000000   7.433074     45.641     0.001     1.593    -0.000     0.000     1.000     0.014     0.000
  36.504001   7.432789     21.441     0.006     0.748     0.000     0.000     1.000     0.084     0.002
  37.008001   7.431936      6.394     0.022     0.223     0.000     0.000     1.000     0.330     0.010
  37.511997   7.430515    -10.009     0.033    -0.349     0.000    -0.000     1.000     0.491     0.014
  38.015990   7.428525    -38.873     0.045    -1.357     0.000    -0.001     1.000     0.670     0.019
  38.519978   7.425966    -54.873     0.238    -1.915    -0.001    -0.003     1.000     3.534     0.103
  39.023959   7.422839    -53.639     0.087    -1.872    -0.000    -0.001     1.000     1.289     0.037
  39.527933   7.419145     33.269     0.002     1.161     0.000     0.000     1.000     0.035     0.001
  40.031897   7.414882     30.140     0.015     1.052     0.000     0.000     1.000     0.219     0.006
  40.535851   7.410053     37.156     0.007     1.297     0.000     0.000     1.000     0.097     0.003
  41.039793   7.404657     70.799     0.001     2.471    -0.000     0.000     1.000     0.011     0.000
  34.739432   7.003626    -19.233     0.000    -0.671     0.000    -0.000     1.000     0.002     0.000
  35.243658   7.004700    -18.000     0.000    -0.628     0.000    -0.000     1.000     0.002     0.000
  35.747886   7.005237    -74.265     0.000    -2.592    -0.000    -0.000     1.000     0.005     0.000
  36.252115   7.005237     57.851     0.000     2.019    -0.000     0.000     1.000     0.005     0.000
  36.756343   7.004700     10.684     0.003     0.373     0.000     0.000     1.000     0.041     0.001
  37.260569   7.003626    -11.693     0.013    -0.408     0.000    -0.000     1.000     0.196     0.006
  37.764792   7.002015      2.738     0.010     0.096     0.000     0.000     1.000     0.148     0.004
  38.269012   6.999866    -55.769     0.066    -1.947    -0.000    -0.001     1.000     0.977     0.028
  38.773226   6.997182    -55.763     0.060    -1.946    -0.000    -0.001     1.000     0.883     0.026
  39.277433   6.993960     -6.385     0.007    -0.223     0.000    -0.000     1.000     0.109     0.003
  39.781634   6.990203     15.654     0.017     0.546     0.000     0.000     1.000     0.257     0.007
  40.285825   6.985909     29.405     0.008     1.026     0.000     0.000     1.000     0.120     0.003
  40.790007   6.981080     39.865     0.004     1.392     0.000     0.000     1.000     0.054     0.002
  34.486578   6.575793    -10.302     0.000    -0.360     0.000    -0.000     1.000     0.001     0.000
  34.991051   6.577057    -12.457     0.000    -0.435     0.000    -0.000     1.000     0.002     0.000
  35.495525   6.577815    -15.680     0.000    -0.547     0.000    -0.000     1.000     0.004     0.000
  36.000000   6.578068    -66.733     0.000    -2.329    -0.000    -0.000     1.000     0.002     0.000
  36.504476   6.577815     50.059     0.001     1.747    -0.000     0.000     1.000     0.009     0.000
  37.008950   6.577057     43.092     0.003     1.504     0.000     0.000     1.000     0.038     0.001
  37.513422   6.575793     46.216     0.008     1.613    -0.000     0.000     1.000     0.113     0.003
  38.017891   6.574025    -75.463     0.011    -2.634    -0.000    -0.000     1.000     0.163     0.005
  38.522357   6.571750    -65.131     0.031    -2.274    -0.000    -0.000     1.000     0.458     0.013
  39.026816   6.568971    -47.321     0.003    -1.652    -0.000    -0.000     1.000     0.049     0.001
  39.531270   6.565688     18.222     0.006     0.636     0.000     0.000     1.000     0.090     0.003
  40.035717   6.561899     23.214     0.006     0.810     0.000     0.000     1.000     0.096     0.003
  40.540155   6.557607     36.002     0.002     1.257     0.000     0.000     1.000     0.037     0.001
  34.738149   6.149852    -13.110     0.000    -0.458     0.000    -0.000     1.000     0.003     0.000
  35.242889   6.150799    -10.833     0.000    -0.378     0.000    -0.000     1.000     0.004     0.000
  35.747630   6.151273    -26.328     0.000    -0.919     0.000    -0.000     1.000     0.002     0.000
  36.252371   6.151273     37.293     0.001     1.302     0.000     0.000     1.000     0.013     0.000
  36.757112   6.150799     45.682     0.004     1.595    -0.000     0.000     1.000     0.065     0.002
  37.261852   6.149852     43.394     0.010     1.515     0.000     0.000     1.000     0.143     0.004
  37.766589   6.148431     78.978     0.002     2.757    -0.000     0.000     1.000     0.025     0.001
  38.271323   6.146536    -67.675     0.016    -2.362    -0.000    -0.000     1.000     0.234     0.007
  38.776053   6.144169    -64.994     0.003    -2.269    -0.000    -0.000     1.000     0.043     0.001
  39.280779   6.141328     52.031     0.005     1.816    -0.000     0.000     1.000     0.068     0.002
  39.785498   6.138014     40.351     0.006     1.409     0.000     0.000     1.000     0.082     0.002
  40.290211   6.134227     35.889     0.002     1.253     0.000     0.000     1.000     0.025     0.001
  34.989949   5.724181    -22.962     0.000    -0.802     0.000    -0.000     1.000     0.004     0.000
  35.494974   5.724844      1.525     0.000     0.053     0.000     0.000     1.000     0.004     0.000
  36.000000   5.725065     36.928     0.001     1.289     0.000     0.000     1.000     0.021     0.001
  36.505026   5.724844     43.034     0.006     1.502     0.000     0.000     1.000     0.085     0.002
  37.010052   5.724181     38.201     0.012     1.333     0.000     0.000     1.000     0.179     0.005
  37.515076   5.723076     32.433     0.009     1.132     0.000     0.000     1.000     0.132     0.004
  38.020097   5.721530    -28.798     0.001    -1.005     0.000    -0.000     1.000     0.008     0.000
  38.525115   5.719542    -51.033     0.002    -1.781    -0.000    -0.000     1.000     0.025     0.001
  39.030130   5.717113      4.835     0.001     0.169     0.000     0.000     1.000     0.011     0.000
  39.535140   5.714243     49.556     0.002     1.730    -0.000     0.000     1.000     0.027     0.001
  40.040144   5.710932     44.356     0.001     1.548     0.000     0.000     1.000     0.016     0.000
  34.736678   5.297952    -29.730     0.000    -1.038     0.000    -0.000     1.000     0.005     0.000
  35.242006   5.298772      3.496     0.000     0.122     0.000     0.000     1.000     0.006     0.000
  35.747335   5.299182     40.559     0.003     1.416     0.000     0.000     1.000     0.038     0.001
  36.252665   5.299182     41.654     0.006     1.454     0.000     0.000     1.000     0.090     0.003
  36.757995   5.298772     36.502     0.012     1.274     0.000     0.000     1.000     0.182     0.005
  37.263323   5.297952     32.347     0.009     1.129     0.000     0.000     1.000     0.140     0.004
  37.768650   5.296723     19.206     0.002     0.670     0.000     0.000     1.000     0.029     0.001
  38.273974   5.295083    -28.475     0.001    -0.994     0.000    -0.000     1.000     0.021     0.001
  38.779295   5.293035    -31.028     0.001    -1.083     0.000    -0.000     1.000     0.011     0.000
  39.284613   5.290577    -44.561     0.001    -1.555     0.000    -0.000     1.000     0.008     0.000
  39.789926   5.287710    -73.662     0.000    -2.571    -0.000    -0.000     1.000     0.004     0.000
  34.483048   4.872104    -25.863     0.000    -0.903     0.000    -0.000     1.000     0.005     0.000
  34.988697   4.873049     15.012     0.001     0.524     0.000     0.000     1.000     0.008     0.000
  35.494349   4.873615     41.692     0.004     1.455     0.000     0.000     1.000     0.060     0.002
  36.000000   4.873804     37.248     0.006     1.300     0.000     0.000     1.000     0.082     0.002
  36.505652   4.873615     36.056     0.013     1.259     0.000     0.000     1.000     0.187     0.005
  37.011303   4.873049     32.399     0.008     1.131     0.000     0.000     1.000     0.115     0.003
  37.516953   4.872104     12.201     0.002     0.426     0.000     0.000     1.000     0.024     0.001
  38.022601   4.870782    -38.887     0.001    -1.357     0.000    -0.000     1.000     0.009     0.000
  38.528247   4.869083     72.045     0.001     2.515    -0.000     0.000     1.000     0.010     0.000
  39.033890   4.867006     69.375     0.001     2.422    -0.000     0.000     1.000     0.010     0.000
  39.539530   4.864552    -84.670     0.000    -2.956    -0.000    -0.000     1.000     0.003     0.000
  33.723043   4.445248    -28.717     0.001    -1.002     0.000    -0.000     1.000     0.008     0.000
  34.229031   4.446630    -18.424     0.001    -0.643     0.000    -0.000     1.000     0.008     0.000
  34.735021   4.447667     39.988     0.002     1.396     0.000     0.000     1.000     0.025     0.001
  35.241012   4.448358     41.389     0.004     1.445     0.000     0.000     1.000     0.065     0.002
  35.747004   4.448704     32.541     0.005     1.136     0.000     0.000     1.000     0.081     0.002
  36.252996   4.448704     36.347     0.013     1.269     0.000     0.000     1.000     0.187     0.005
  36.758988   4.448358     31.901     0.006     1.114     0.000     0.000     1.000     0.089     0.003
  37.264979   4.447667     19.770     0.001     0.690     0.000     0.000     1.000     0.019     0.001
  37.770969   4.446630     75.793     0.001     2.646    -0.000     0.000     1.000     0.008     0.000
  38.276958   4.445248     72.723     0.001     2.538    -0.000     0.000     1.000     0.010     0.000
  38.782944   4.443521     68.143     0.000     2.379    -0.000     0.000     1.000     0.007     0.000
  33.468255   4.020113    -49.743     0.001    -1.736    -0.000    -0.000     1.000     0.012     0.000
  33.974602   4.021523      5.614     0.000     0.196     0.000     0.000     1.000     0.005     0.000
  34.480950   4.022619     46.688     0.004     1.630    -0.000     0.000     1.000     0.055     0.002
  34.987299   4.023402     47.713     0.003     1.665    -0.000     0.000     1.000     0.048     0.001
  35.493650   4.023872     36.056     0.007     1.259     0.000     0.000     1.000     0.098     0.003
  36.000000   4.024028     37.168     0.012     1.297     0.000     0.000     1.000     0.173     0.005
  36.506351   4.023872     35.755     0.005     1.248     0.000     0.000     1.000     0.074     0.002
  37.012701   4.023402     32.436     0.001     1.132     0.000     0.000     1.000     0.020     0.001
  37.519051   4.022619     67.166     0.000     2.345    -0.000     0.000     1.000     0.005     0.000
  32.706287   3.593685    -60.597     0.002    -2.115    -0.000    -0.000     1.000     0.030     0.001
  33.213009   3.595370    -72.211     0.003    -2.521    -0.000    -0.000     1.000     0.048     0.001
  33.719732   3.596773     76.248     0.003     2.662    -0.000     0.000     1.000     0.047     0.001
  34.226457   3.597896     50.992     0.007     1.780    -0.000     0.000     1.000     0.098     0.003
  34.733183   3.598738     73.284     0.004     2.558    -0.000     0.000     1.000     0.060     0.002
  35.239910   3.599300     55.576     0.011     1.940    -0.000     0.000     1.000     0.160     0.005
  35.746637   3.599581     45.103     0.011     1.574    -0.000     0.000     1.000     0.166     0.005
  36.253364   3.599581     46.573     0.004     1.626    -0.000     0.000     1.000     0.067     0.002
  36.760091   3.599300     61.643     0.001     2.152    -0.000     0.000     1.000     0.014     0.000
  37.266818   3.598738     87.946     0.000     3.070    -0.000     0.000     1.000     0.005     0.000
  32.450162   3.169398    -77.549     0.004    -2.707    -0.000    -0.000     1.000     0.054     0.002
  32.957278   3.171010    -60.751     0.006    -2.121    -0.000    -0.000     1.000     0.095     0.003
  33.464397   3.172375     85.917     0.009     2.999    -0.000     0.000     1.000     0.133     0.004
  33.971516   3.173492     62.683     0.010     2.188    -0.000     0.000     1.000     0.150     0.004
  34.478636   3.174361     73.779     0.005     2.575    -0.000     0.000     1.000     0.080     0.002
  34.985757   3.174981     65.539     0.009     2.288    -0.000     0.000     1.000     0.127     0.004
  35.492879   3.175354     57.925     0.014     2.022    -0.000     0.000     1.000     0.208     0.006
  36.000000   3.175478     55.013     0.005     1.920    -0.000     0.000     1.000     0.074     0.002
  36.507122   3.175354     79.708     0.001     2.782    -0.000     0.000     1.000     0.017     0.001
  37.014243   3.174981    -87.296     0.001    -3.047    -0.000    -0.000     1.000     0.016     0.000
  32.193508   2.745521    -72.238     0.003    -2.522    -0.000    -0.000     1.000     0.040     0.001
  32.701038   2.747029    -66.011     0.004    -2.304    -0.000    -0.000     1.000     0.059     0.002
  33.208568   2.748322     85.289     0.002     2.977    -0.000     0.000     1.000     0.022     0.001
  33.716100   2.749399     56.593     0.012     1.975    -0.000     0.000     1.000     0.175     0.005
  34.223633   2.750261     49.989     0.005     1.745    -0.000     0.000     1.000     0.081     0.002
  34.731166   2.750908     61.544     0.003     2.148    -0.000     0.000     1.000     0.049     0.001
  35.238699   2.751339     51.947     0.006     1.813    -0.000     0.000     1.000     0.095     0.003
  35.746233   2.751555     60.501     0.008     2.112    -0.000     0.000     1.000     0.118     0.003
  36.253767   2.751555     57.572     0.001     2.010    -0.000     0.000     1.000     0.017     0.000
  36.761301   2.751339     12.974     0.000     0.453     0.000     0.000     1.000     0.007     0.000
  31.428341   2.320496    -46.873     0.001    -1.636    -0.000    -0.000     1.000     0.009     0.000
  31.936301   2.322049    -59.387     0.001    -2.073    -0.000    -0.000     1.000     0.008     0.000
  32.444261   2.323418    -30.055     0.001    -1.049     0.000    -0.000     1.000     0.021     0.001
  32.952222   2.324606      9.610     0.004     0.335     0.000     0.000     1.000     0.053     0.002
  33.460184   2.325610     38.642     0.008     1.349     0.000     0.000     1.000     0.117     0.003
  33.968146   2.326433     31.318     0.004     1.093     0.000     0.000     1.000     0.058     0.002
  34.476109   2.327072    -60.322     0.006    -2.106    -0.000    -0.000     1.000     0.087     0.003
  34.984073   2.327529     50.028     0.001     1.746    -0.000     0.000     1.000     0.010     0.000
  35.492036   2.327803     60.864     0.006     2.125    -0.000     0.000     1.000     0.083     0.002
  36.000000   2.327895     66.421     0.005     2.319    -0.000     0.000     1.000     0.067     0.002
  36.507964   2.327803     26.517     0.001     0.926     0.000     0.000     1.000     0.014     0.000
  31.170106   1.897628    -23.272     0.002    -0.812     0.000    -0.000     1.000     0.036     0.001
  31.678514   1.898975    -52.243     0.002    -1.824    -0.000    -0.000     1.000     0.033     0.001
  32.186922   1.900173    -55.151     0.001    -1.925    -0.000    -0.000     1.000     0.016     0.000
  32.695331   1.901221     35.481     0.000     1.239     0.000     0.000     1.000     0.004     0.000
  33.203741   1.902119     34.425     0.005     1.202     0.000     0.000     1.000     0.071     0.002
  33.712151   1.902868      3.058     0.004     0.107     0.000     0.000     1.000     0.062     0.002
  34.220562   1.903468    -39.385     0.002    -1.375     0.000    -0.000     1.000     0.032     0.001
  34.728972   1.903917    -63.006     0.004    -2.199    -0.000    -0.000     1.000     0.061     0.002
  35.237383   1.904217     57.719     0.001     2.015    -0.000     0.000     1.000     0.022     0.001
  35.745795   1.904367     69.974     0.006     2.443    -0.000     0.000     1.000     0.089     0.003
  36.254206   1.904367     60.929     0.003     2.127    -0.000     0.000     1.000     0.042     0.001
  36.762617   1.904217     38.329     0.001     1.338     0.000     0.000     1.000     0.009     0.000
  30.911249   1.475186    -12.566     0.002    -0.439     0.000    -0.000     1.000     0.027     0.001
  31.420123   1.476294    -20.455     0.005    -0.714     0.000    -0.000     1.000     0.078     0.002
  31.928997   1.477286    -47.528     0.003    -1.659    -0.000    -0.000     1.000     0.048     0.001
  32.437871   1.478161    -35.271     0.001    -1.231     0.000    -0.000     1.000     0.016     0.000
  32.946746   1.478919     32.215     0.002     1.125     0.000     0.000     1.000     0.030     0.001
  33.455621   1.479561    -18.754     0.001    -0.655     0.000    -0.000     1.000     0.021     0.001
  33.964497   1.480087     -9.342     0.004    -0.326     0.000    -0.000     1.000     0.061     0.002
  34.473373   1.480495     50.209     0.000     1.753    -0.000     0.000     1.000     0.006     0.000
  34.982248   1.480787     69.451     0.001     2.424    -0.000     0.000     1.000     0.009     0.000
  35.491124   1.480962     68.252     0.002     2.382    -0.000     0.000     1.000     0.032     0.001
  36.000000   1.481021     69.371     0.007     2.422    -0.000     0.000     1.000     0.098     0.003
  36.508876   1.480962     61.509     0.002     2.147    -0.000     0.000     1.000     0.037     0.001
  31.161103   1.054000     -7.984     0.004    -0.279     0.000    -0.000     1.000     0.056     0.002
  31.670460   1.054751    -25.826     0.004    -0.901     0.000    -0.000     1.000     0.052     0.002
  32.179817   1.055419    -40.857     0.003    -1.426     0.000    -0.000     1.000     0.045     0.001
  32.689174   1.056004    -11.630     0.001    -0.406     0.000    -0.000     1.000     0.021     0.001
  33.198532   1.056505    -15.222     0.001    -0.531     0.000    -0.000     1.000     0.011     0.000
  33.707890   1.056923     73.103     0.000     2.552    -0.000     0.000     1.000     0.002     0.000
  34.217247   1.057257     49.522     0.001     1.729    -0.000     0.000     1.000     0.015     0.000
  34.726605   1.057508     39.213     0.003     1.369     0.000     0.000     1.000     0.044     0.001
  35.235963   1.057675     45.713     0.004     1.596    -0.000     0.000     1.000     0.056     0.002
  35.745321   1.057759     65.368     0.005     2.282    -0.000     0.000     1.000     0.073     0.002
  36.254679   1.057759     65.229     0.005     2.277    -0.000     0.000     1.000     0.067     0.002
  31.411287   0.632564    -17.200     0.002    -0.600     0.000    -0.000     1.000     0.029     0.001
  31.921144   0.632991    -59.359     0.003    -2.072    -0.000    -0.000     1.000     0.040     0.001
  32.431001   0.633367    -46.932     0.002    -1.638    -0.000    -0.000     1.000     0.031     0.001
  32.940858   0.633694    -58.799     0.003    -2.052    -0.000    -0.000     1.000     0.043     0.001
  33.450715   0.633970     82.994     0.002     2.897    -0.000     0.000     1.000     0.033     0.001
  33.960572   0.634196     73.545     0.003     2.567    -0.000     0.000     1.000     0.044     0.001
  34.470429   0.634372     61.065     0.003     2.132    -0.000     0.000     1.000     0.049     0.001
  34.980286   0.634498     34.554     0.006     1.206     0.000     0.000     1.000     0.093     0.003
  35.490143   0.634573     35.514     0.004     1.240     0.000     0.000     1.000     0.064     0.002
  36.000000   0.634598     34.282     0.003     1.197     0.000     0.000     1.000     0.044     0.001
  36.509857   0.634573     49.926     0.001     1.743    -0.000     0.000     1.000     0.012     0.000
  31.151453   0.210719    -54.972     0.000    -1.919    -0.000    -0.000     1.000     0.002     0.000
  31.661826   0.210870    -74.397     0.001    -2.597    -0.000    -0.000     1.000     0.014     0.000
  32.172200   0.211004    -48.300     0.002    -1.686    -0.000    -0.000     1.000     0.023     0.001
  32.682573   0.211121    -53.043     0.001    -1.852    -0.000    -0.000     1.000     0.019     0.001
  33.192946   0.211222    -83.667     0.003    -2.921    -0.000    -0.000     1.000     0.050     0.001
  33.703320   0.211306     78.137     0.003     2.728    -0.000     0.000     1.000     0.042     0.001
  34.213693   0.211373     72.663     0.002     2.536    -0.000     0.000     1.000     0.026     0.001
  34.724067   0.211423     40.819     0.001     1.425     0.000     0.000     1.000     0.021     0.001
  35.234440   0.211457     26.851     0.002     0.937     0.000     0.000     1.000     0.031     0.001
  35.744814   0.211473     22.991     0.002     0.803     0.000     0.000     1.000     0.033     0.001
  36.255187   0.211473     20.515     0.001     0.716     0.000     0.000     1.000     0.008     0.000
  30.890926  -0.210353    -84.987     0.000    -2.967    -0.000    -0.000     1.000     0.007     0.000
  31.401834  -0.210512    -89.610     0.001    -3.128    -0.000    -0.000     1.000     0.009     0.000
  31.912741  -0.210655    -77.148     0.000    -2.693    -0.000    -0.000     1.000     0.006     0.000
  32.423648  -0.210781    -48.750     0.000    -1.702    -0.000    -0.000     1.000     0.003     0.000
  32.934556  -0.210890    -89.175     0.001    -3.113    -0.000    -0.000     1.000     0.012     0.000
  33.445463  -0.210982     79.869     0.001     2.788    -0.000     0.000     1.000     0.012     0.000
  33.956371  -0.211058     70.018     0.001     2.444    -0.000     0.000     1.000     0.010     0.000
  34.467278  -0.211116     66.545     0.001     2.323    -0.000     0.000     1.000     0.009     0.000
  34.978185  -0.211158     67.690     0.000     2.363    -0.000     0.000     1.000     0.004     0.000
  35.489093  -0.211184     67.300     0.000     2.349    -0.000     0.000     1.000     0.004     0.000
  36.000000  -0.211192     59.889     0.000     2.091    -0.000     0.000     1.000     0.007     0.000
  36.510908  -0.211184     81.035     0.000     2.829    -0.000     0.000     1.000     0.003     0.000
  32.164070  -0.630634     49.002     0.000     1.710    -0.000     0.000     1.000     0.002     0.000
  32.675527  -0.630986     40.085     0.000     1.399     0.000     0.000     1.000     0.005     0.000
  33.186984  -0.631288     43.946     0.001     1.534     0.000     0.000     1.000     0.008     0.000
  33.698442  -0.631540     40.493     0.001     1.413     0.000     0.000     1.000     0.010     0.000
  35.232814  -0.631993     88.674     0.000     3.095    -0.000     0.000     1.000     0.001     0.000
  35.744272  -0.632044    -86.035     0.000    -3.003    -0.000    -0.000     1.000     0.003     0.000
