  43.169953  24.236189    -52.172     0.001    -1.821    -0.000    -0.000     1.000     0.014     0.000
  43.681086  24.211263    -57.636     0.001    -2.012    -0.000    -0.000     1.000     0.007     0.000
  44.192012  24.184632    -72.738     0.000    -2.539    -0.000    -0.000     1.000     0.003     0.000
  42.904317  23.778637    -50.400     0.002    -1.759    -0.000    -0.000     1.000     0.026     0.001
  43.414846  23.754984    -50.944     0.003    -1.778    -0.000    -0.000     1.000     0.035     0.001
  43.925182  23.729654    -57.223     0.001    -1.997    -0.000    -0.000     1.000     0.016     0.000
  44.435314  23.702650    -74.668     0.001    -2.606    -0.000    -0.000     1.000     0.009     0.000
  44.945228  23.673975     79.671     0.001     2.781    -0.000     0.000     1.000     0.008     0.000
  45.454912  23.643632     58.605     0.001     2.046    -0.000     0.000     1.000     0.010     0.000
  45.964353  23.611624     50.363     0.000     1.758    -0.000     0.000     1.000     0.003     0.000
  43.149750  23.299608    -50.035     0.001    -1.747    -0.000    -0.000     1.000     0.015     0.000
  43.659519  23.275550    -48.990     0.003    -1.710    -0.000    -0.000     1.000     0.034     0.001
  44.169098  23.249846    -52.055     0.002    -1.817    -0.000    -0.000     1.000     0.022     0.001
  44.678475  23.222499     72.731     0.000     2.539    -0.000     0.000     1.000     0.006     0.000
  45.187637  23.193512     46.376     0.001     1.619    -0.000     0.000     1.000     0.016     0.000
  45.696572  23.162888     42.768     0.000     1.493     0.000     0.000     1.000     0.006     0.000
  42.885743  22.845127     72.093     0.000     2.517    -0.000     0.000     1.000     0.003     0.000
  43.394969  22.822312     87.763     0.000     3.064    -0.000     0.000     1.000     0.005     0.000
  43.904017  22.797879    -52.880     0.001    -1.846    -0.000    -0.000     1.000     0.010     0.000
  44.412877  22.771832     -6.343     0.000    -0.221     0.000    -0.000     1.000     0.006     0.000
  44.921537  22.744172     34.603     0.001     1.208     0.000     0.000     1.000     0.013     0.000
  45.429985  22.714903     35.720     0.001     1.247     0.000     0.000     1.000     0.007     0.000
  42.113919  22.411543     64.373     0.000     2.247    -0.000     0.000     1.000     0.006     0.000
  42.622774  22.391533     64.307     0.001     2.245    -0.000     0.000     1.000     0.010     0.000
  43.131478  22.369931     63.348     0.001     2.211    -0.000     0.000     1.000     0.009     0.000
  43.640017  22.346741     39.913     0.000     1.393     0.000     0.000     1.000     0.006     0.000
  44.148382  22.321963     26.977     0.002     0.942     0.000     0.000     1.000     0.020     0.001
  44.656561  22.295602     28.438     0.001     0.993     0.000     0.000     1.000     0.013     0.000
  45.164542  22.267659     30.596     0.000     1.068     0.000     0.000     1.000     0.006     0.000
  40.835380  21.990685     70.803     0.000     2.471    -0.000     0.000     1.000     0.005     0.000
  41.343972  21.974962     67.812     0.001     2.367    -0.000     0.000     1.000     0.009     0.000
  41.852446  21.957672     67.224     0.001     2.347    -0.000     0.000     1.000     0.011     0.000
  42.360790  21.938817     69.151     0.001     2.414    -0.000     0.000     1.000     0.008     0.000
  42.868995  21.918400     70.849     0.000     2.473    -0.000     0.000     1.000     0.004     0.000
  43.377047  21.896422     40.561     0.000     1.416     0.000     0.000     1.000     0.007     0.000
  43.884938  21.872886     26.189     0.002     0.914     0.000     0.000     1.000     0.023     0.001
  44.392655  21.847794     28.070     0.001     0.980     0.000     0.000     1.000     0.016     0.000
  44.900189  21.821149     29.150     0.000     1.018     0.000     0.000     1.000     0.005     0.000
  40.067648  21.548664     72.459     0.000     2.529    -0.000     0.000     1.000     0.003     0.000
  40.575828  21.535547     73.584     0.001     2.569    -0.000     0.000     1.000     0.013     0.000
  41.083910  21.520892     74.533     0.001     2.602    -0.000     0.000     1.000     0.014     0.000
  41.591885  21.504700     79.854     0.001     2.787    -0.000     0.000     1.000     0.011     0.000
  42.099741  21.486972     85.833     0.001     2.996    -0.000     0.000     1.000     0.009     0.000
  42.607469  21.467710     86.086     0.001     3.005    -0.000     0.000     1.000     0.008     0.000
  43.115056  21.446916     46.586     0.000     1.626    -0.000     0.000     1.000     0.005     0.000
  43.622494  21.424592     23.939     0.002     0.836     0.000     0.000     1.000     0.020     0.001
  44.129771  21.400740     26.729     0.001     0.933     0.000     0.000     1.000     0.017     0.000
  44.636878  21.375364     28.720     0.000     1.003     0.000     0.000     1.000     0.005     0.000
  39.809403  21.093465     73.095     0.000     2.551    -0.000     0.000     1.000     0.002     0.000
  40.317089  21.081358     74.360     0.001     2.596    -0.000     0.000     1.000     0.009     0.000
  40.824686  21.067742     79.090     0.001     2.761    -0.000     0.000     1.000     0.010     0.000
  41.332186  21.052618     84.680     0.001     2.956    -0.000     0.000     1.000     0.008     0.000
  41.839577  21.035987     88.885     0.001     3.103    -0.000     0.000     1.000     0.007     0.000
  42.346850  21.017851    -89.633     0.000    -3.129    -0.000    -0.000     1.000     0.006     0.000
  42.853995  20.998211     50.963     0.000     1.779    -0.000     0.000     1.000     0.003     0.000
  43.361001  20.977071     23.098     0.001     0.806     0.000     0.000     1.000     0.018     0.000
  43.867858  20.954431     25.835     0.001     0.902     0.000     0.000     1.000     0.019     0.000
  44.374557  20.930294     27.929     0.000     0.975     0.000     0.000     1.000     0.006     0.000
  40.566252  20.615503     68.806     0.000     2.402    -0.000     0.000     1.000     0.003     0.000
  41.073300  20.601417     70.346     0.000     2.456    -0.000     0.000     1.000     0.002     0.000
  43.100410  20.530313     22.727     0.001     0.793     0.000     0.000     1.000     0.017     0.000
  43.606868  20.508856     25.240     0.002     0.881     0.000     0.000     1.000     0.021     0.001
  44.113180  20.485930     27.250     0.000     0.951     0.000     0.000     1.000     0.006     0.000
  40.815181  20.151088     54.247     0.000     1.894    -0.000     0.000     1.000     0.001     0.000
  41.321712  20.136563     56.884     0.000     1.986    -0.000     0.000     1.000     0.002     0.000
  41.828144  20.120590     70.245     0.000     2.452    -0.000     0.000     1.000     0.000     0.000
  42.840674  20.084311     22.680     0.001     0.792     0.000     0.000     1.000     0.016     0.000
  43.346753  20.064007     24.869     0.002     0.868     0.000     0.000     1.000     0.023     0.001
  43.852698  20.042264     26.684     0.001     0.931     0.000     0.000     1.000     0.007     0.000
  41.063917  19.688104     58.036     0.000     2.026    -0.000     0.000     1.000     0.001     0.000
  41.569962  19.673170     64.836     0.000     2.263    -0.000     0.000     1.000     0.002     0.000
  42.075907  19.656819     32.976     0.000     1.151     0.000     0.000     1.000     0.001     0.000
  42.581746  19.639054     22.861     0.001     0.798     0.000     0.000     1.000     0.012     0.000
  43.087468  19.619875     24.546     0.002     0.857     0.000     0.000     1.000     0.025     0.001
  43.593065  19.599284     26.172     0.001     0.914     0.000     0.000     1.000     0.007     0.000
  41.312499  19.226544     72.661     0.000     2.536    -0.000     0.000     1.000     0.001     0.000
  41.818089  19.211231     58.889     0.000     2.056    -0.000     0.000     1.000     0.002     0.000
  42.323581  19.194532     24.785     0.001     0.865     0.000     0.000     1.000     0.009     0.000
  42.828966  19.176448     24.361     0.002     0.850     0.000     0.000     1.000     0.027     0.001
  43.334235  19.156982     25.630     0.001     0.895     0.000     0.000     1.000     0.008     0.000
  41.560968  18.766396     68.865     0.000     2.404    -0.000     0.000     1.000     0.001     0.000
  42.066134  18.750735     31.592     0.000     1.103     0.000     0.000     1.000     0.006     0.000
  42.571202  18.733718     24.739     0.002     0.864     0.000     0.000     1.000     0.028     0.001
  43.076165  18.715347     25.228     0.001     0.881     0.000     0.000     1.000     0.009     0.000
  54.143068  17.973443    -61.316     0.005    -2.140    -0.000    -0.000     1.000     0.065     0.002
  54.643521  17.924655    -53.127     0.004    -1.854    -0.000    -0.000     1.000     0.047     0.001
  41.809361  18.307653     29.618     0.000     1.034     0.000     0.000     1.000     0.003     0.000
  42.314134  18.291673     26.131     0.002     0.912     0.000     0.000     1.000     0.020     0.001
  42.818809  18.274368     25.193     0.001     0.879     0.000     0.000     1.000     0.011     0.000
  50.874389  17.818981    -84.488     0.002    -2.949    -0.000    -0.000     1.000     0.022     0.001
  51.376297  17.779496     84.008     0.002     2.932    -0.000     0.000     1.000     0.027     0.001
  51.877978  17.738733     52.940     0.004     1.848    -0.000     0.000     1.000     0.052     0.001
  52.379428  17.696696     40.847     0.007     1.426     0.000     0.000     1.000     0.088     0.002
  52.880640  17.653388     68.236     0.002     2.382    -0.000     0.000     1.000     0.027     0.001
  53.381607  17.608814     85.401     0.012     2.981    -0.000     0.000     1.000     0.161     0.004
  53.882324  17.562978    -85.570     0.020    -2.987    -0.000    -0.000     1.000     0.267     0.007
  54.382783  17.515884    -70.294     0.023    -2.454    -0.000    -0.000     1.000     0.305     0.008
  54.882979  17.467535    -82.565     0.008    -2.882    -0.000    -0.000     1.000     0.099     0.003
  49.108145  17.505474     52.110     0.001     1.819    -0.000     0.000     1.000     0.019     0.001
  49.610573  17.471274     51.538     0.004     1.799    -0.000     0.000     1.000     0.047     0.001
  50.112810  17.435813     65.082     0.004     2.272    -0.000     0.000     1.000     0.055     0.001
  50.614848  17.399095     83.225     0.005     2.905    -0.000     0.000     1.000     0.062     0.002
  51.116680  17.361121     80.608     0.007     2.814    -0.000     0.000     1.000     0.086     0.002
  51.618302  17.321896     59.772     0.010     2.086    -0.000     0.000     1.000     0.137     0.004
  52.119706  17.281424     38.662     0.019     1.350     0.000     0.000     1.000     0.254     0.007
  52.620886  17.239707     43.297     0.006     1.511     0.000     0.000     1.000     0.073     0.002
  53.121836  17.196750     77.429     0.010     2.703    -0.000     0.000     1.000     0.132     0.004
  53.622551  17.152556     81.300     0.039     2.838    -0.000     0.000     1.000     0.512     0.014
  54.123024  17.107130    -84.023     0.055    -2.933    -0.001    -0.000     1.000     0.716     0.019
  54.623249  17.060476    -82.414     0.035    -2.877    -0.000    -0.000     1.000     0.458     0.012
  55.123222  17.012597    -86.706     0.008    -3.027    -0.000    -0.000     1.000     0.102     0.003
  47.844585  17.143362     82.542     0.001     2.881    -0.000     0.000     1.000     0.011     0.000
  48.347251  17.113043     75.649     0.002     2.641    -0.000     0.000     1.000     0.024     0.001
  48.849751  17.081483     62.120     0.004     2.168    -0.000     0.000     1.000     0.054     0.001
  49.352078  17.048687     52.261     0.008     1.824    -0.000     0.000     1.000     0.109     0.003
  49.854224  17.014657     51.767     0.008     1.807    -0.000     0.000     1.000     0.099     0.003
  50.356185  16.979396     71.617     0.004     2.500    -0.000     0.000     1.000     0.051     0.001
  50.857954  16.942908     64.079     0.010     2.237    -0.000     0.000     1.000     0.128     0.003
  51.359526  16.905195     54.494     0.017     1.902    -0.000     0.000     1.000     0.225     0.006
  51.860893  16.866260     30.778     0.029     1.074     0.000     0.000     1.000     0.379     0.010
  52.362050  16.826108     30.080     0.015     1.050     0.000     0.000     1.000     0.200     0.005
  52.862992  16.784742     31.352     0.004     1.094     0.000     0.000     1.000     0.051     0.001
  53.363713  16.742166     62.350     0.010     2.176    -0.000     0.000     1.000     0.134     0.004
  53.864206  16.698383     84.472     0.017     2.949    -0.000     0.000     1.000     0.220     0.006
  54.364467  16.653397    -85.701     0.013    -2.992    -0.000    -0.000     1.000     0.175     0.005
  54.864490  16.607213    -83.014     0.005    -2.898    -0.000    -0.000     1.000     0.066     0.002
  46.581659  16.771309     74.672     0.001     2.607    -0.000     0.000     1.000     0.017     0.000
  47.084506  16.744743     75.598     0.002     2.639    -0.000     0.000     1.000     0.027     0.001
  47.587210  16.716959     76.345     0.004     2.665    -0.000     0.000     1.000     0.047     0.001
  48.089764  16.687961     75.315     0.006     2.629    -0.000     0.000     1.000     0.076     0.002
  48.592162  16.657751     68.656     0.010     2.397    -0.000     0.000     1.000     0.135     0.004
  49.094399  16.626331     56.455     0.018     1.971    -0.000     0.000     1.000     0.241     0.006
  49.596468  16.593705     60.370     0.012     2.107    -0.000     0.000     1.000     0.158     0.004
  50.098364  16.559875     89.191     0.011     3.113    -0.000     0.000     1.000     0.142     0.004
  50.600080  16.524844     76.683     0.015     2.677    -0.000     0.000     1.000     0.199     0.005
  51.101611  16.488616     60.892     0.021     2.126    -0.000     0.000     1.000     0.273     0.007
  51.602952  16.451194     40.498     0.035     1.414     0.000     0.000     1.000     0.462     0.012
  52.104096  16.412580     37.957     0.031     1.325     0.000     0.000     1.000     0.399     0.011
  52.605038  16.372779     42.615     0.007     1.488     0.000     0.000     1.000     0.095     0.003
  53.105772  16.331794      0.161     0.002     0.006     0.000     0.000     1.000     0.023     0.001
  53.606294  16.289628     25.038     0.001     0.874     0.000     0.000     1.000     0.016     0.000
  54.106597  16.246286     85.101     0.001     2.971    -0.000     0.000     1.000     0.015     0.000
  54.606677  16.201771    -71.894     0.001    -2.510    -0.000    -0.000     1.000     0.012     0.000
  55.106528  16.156087    -24.772     0.000    -0.865     0.000    -0.000     1.000     0.002     0.000
  44.313127  16.432086     75.573     0.001     2.638    -0.000     0.000     1.000     0.009     0.000
  44.816328  16.411535     72.061     0.001     2.515    -0.000     0.000     1.000     0.011     0.000
  45.319420  16.389787     77.014     0.002     2.688    -0.000     0.000     1.000     0.024     0.001
  45.822396  16.366843     76.877     0.004     2.684    -0.000     0.000     1.000     0.047     0.001
  46.325251  16.342705     76.649     0.005     2.676    -0.000     0.000     1.000     0.070     0.002
  46.827978  16.317376     76.514     0.007     2.671    -0.000     0.000     1.000     0.094     0.003
  47.330572  16.290858     76.456     0.009     2.669    -0.000     0.000     1.000     0.121     0.003
  47.833028  16.263153     74.548     0.011     2.602    -0.000     0.000     1.000     0.140     0.004
  48.335338  16.234264     67.845     0.015     2.368    -0.000     0.000     1.000     0.193     0.005
  48.837498  16.204194     62.106     0.027     2.168    -0.000     0.000     1.000     0.350     0.009
  49.339502  16.172944     65.625     0.025     2.291    -0.000     0.000     1.000     0.324     0.009
  49.841344  16.140518     88.368     0.026     3.085    -0.000     0.000     1.000     0.335     0.009
  50.343019  16.106919     89.997     0.025     3.142    -0.000     0.000     1.000     0.331     0.009
  50.844521  16.072149     75.478     0.023     2.635    -0.000     0.000     1.000     0.299     0.008
  51.345845  16.036212     48.682     0.033     1.699    -0.000     0.000     1.000     0.435     0.012
  51.846985  15.999111     43.923     0.040     1.533     0.000     0.001     1.000     0.526     0.014
  52.347936  15.960848     35.113     0.012     1.226     0.000     0.000     1.000     0.159     0.004
  52.848693  15.921429    -13.618     0.002    -0.475     0.000    -0.000     1.000     0.022     0.001
  53.349250  15.880855     -6.581     0.003    -0.230     0.000    -0.000     1.000     0.040     0.001
  53.849603  15.839131     -3.794     0.001    -0.132     0.000    -0.000     1.000     0.014     0.000
  54.349747  15.796260    -59.956     0.001    -2.093    -0.000    -0.000     1.000     0.008     0.000
  54.849676  15.752246    -39.035     0.000    -1.363     0.000    -0.000     1.000     0.003     0.000
  42.548170  16.050616     67.903     0.002     2.370    -0.000     0.000     1.000     0.022     0.001
  43.051498  16.034676    -77.414     0.005    -2.702    -0.000    -0.000     1.000     0.061     0.002
  43.554742  16.017563    -76.398     0.007    -2.667    -0.000    -0.000     1.000     0.093     0.002
  44.057897  15.999277    -88.571     0.006    -3.092    -0.000    -0.000     1.000     0.074     0.002
  44.560958  15.979821     79.846     0.006     2.787    -0.000     0.000     1.000     0.084     0.002
  45.063917  15.959196     80.132     0.009     2.797    -0.000     0.000     1.000     0.112     0.003
  45.566770  15.937404     79.826     0.011     2.786    -0.000     0.000     1.000     0.137     0.004
  46.069511  15.914447     79.400     0.012     2.772    -0.000     0.000     1.000     0.156     0.004
  46.572134  15.890328     79.640     0.012     2.780    -0.000     0.000     1.000     0.159     0.004
  47.074634  15.865047     78.689     0.012     2.747    -0.000     0.000     1.000     0.155     0.004
  47.577004  15.838608     73.751     0.012     2.574    -0.000     0.000     1.000     0.163     0.004
  48.079241  15.811013     65.029     0.019     2.270    -0.000     0.000     1.000     0.249     0.007
  48.581337  15.782264     62.523     0.027     2.182    -0.000     0.000     1.000     0.348     0.009
  49.083289  15.752363     70.114     0.029     2.447    -0.000     0.000     1.000     0.383     0.010
  49.585089  15.721314     86.757     0.038     3.028    -0.000     0.000     1.000     0.496     0.013
  50.086734  15.689119    -88.452     0.048    -3.088    -0.001    -0.000     1.000     0.623     0.017
  50.588218  15.655781     89.797     0.049     3.134    -0.001     0.000     1.000     0.634     0.017
  51.089535  15.621303     66.705     0.049     2.328    -0.000     0.000     1.000     0.633     0.017
  51.590681  15.585687     58.627     0.040     2.046    -0.000     0.000     1.000     0.528     0.014
  52.091651  15.548938     64.498     0.008     2.251    -0.000     0.000     1.000     0.109     0.003
  52.592439  15.511058    -27.934     0.004    -0.975     0.000    -0.000     1.000     0.056     0.002
  53.093040  15.472050    -16.277     0.003    -0.568     0.000    -0.000     1.000     0.037     0.001
  53.593450  15.431919     -3.137     0.002    -0.110     0.000    -0.000     1.000     0.028     0.001
  54.093664  15.390666    -65.509     0.001    -2.287    -0.000    -0.000     1.000     0.007     0.000
  54.593677  15.348297    -71.532     0.001    -2.497    -0.000    -0.000     1.000     0.010     0.000
  41.790667  15.629047     46.510     0.002     1.623    -0.000     0.000     1.000     0.027     0.001
  42.293919  15.615232     44.898     0.006     1.567     0.000     0.000     1.000     0.079     0.002
  42.797101  15.600271     70.734     0.005     2.469    -0.000     0.000     1.000     0.066     0.002
  43.300207  15.584165    -72.434     0.018    -2.528    -0.000    -0.000     1.000     0.241     0.006
  43.803231  15.566917    -74.469     0.022    -2.599    -0.000    -0.000     1.000     0.289     0.008
  44.306168  15.548527     83.658     0.018     2.920    -0.000     0.000     1.000     0.234     0.006
  44.809012  15.528997     82.910     0.017     2.894    -0.000     0.000     1.000     0.221     0.006
  45.311758  15.508329     83.696     0.016     2.922    -0.000     0.000     1.000     0.204     0.005
  45.814401  15.486525     84.657     0.014     2.955    -0.000     0.000     1.000     0.183     0.005
  46.316935  15.463586     84.917     0.013     2.964    -0.000     0.000     1.000     0.164     0.004
  46.819355  15.439515     82.412     0.012     2.877    -0.000     0.000     1.000     0.151     0.004
  47.321656  15.414314     71.631     0.016     2.500    -0.000     0.000     1.000     0.209     0.006
  47.823832  15.387985     65.652     0.023     2.292    -0.000     0.000     1.000     0.298     0.008
  48.325879  15.360529     67.027     0.022     2.340    -0.000     0.000     1.000     0.290     0.008
  48.827790  15.331951     73.279     0.021     2.558    -0.000     0.000     1.000     0.281     0.008
  49.329562  15.302251     78.477     0.036     2.739    -0.000     0.000     1.000     0.465     0.012
  49.831189  15.271434     83.306     0.045     2.908    -0.001     0.000     1.000     0.590     0.016
  50.332665  15.239501     86.843     0.046     3.031    -0.001     0.000     1.000     0.599     0.016
  50.833987  15.206455     82.107     0.041     2.866    -0.001     0.000     1.000     0.541     0.014
  51.335149  15.172299     64.157     0.030     2.239    -0.000     0.000     1.000     0.390     0.010
  51.836146  15.137036    -74.330     0.002    -2.595    -0.000    -0.000     1.000     0.032     0.001
  52.336974  15.100669    -34.983     0.012    -1.221     0.000    -0.000     1.000     0.161     0.004
  52.837628  15.063202    -28.895     0.007    -1.009     0.000    -0.000     1.000     0.093     0.002
  53.338103  15.024637     -9.788     0.003    -0.342     0.000    -0.000     1.000     0.045     0.001
  53.838395  14.984978    -10.635     0.000    -0.371     0.000    -0.000     1.000     0.006     0.000
  54.338499  14.944228    -76.834     0.001    -2.682    -0.000    -0.000     1.000     0.014     0.000
  38.517257  15.247135    -28.770     0.005    -1.004     0.000    -0.000     1.000     0.061     0.002
  39.020649  15.240959    -34.411     0.010    -1.201     0.000    -0.000     1.000     0.135     0.004
  39.524009  15.233661    -47.512     0.004    -1.658    -0.000    -0.000     1.000     0.050     0.001
  40.027332  15.225242    -21.590     0.006    -0.754     0.000    -0.000     1.000     0.079     0.002
  40.530611  15.215703    -15.216     0.003    -0.531     0.000    -0.000     1.000     0.043     0.001
  41.033842  15.205044      6.180     0.001     0.216     0.000     0.000     1.000     0.009     0.000
  41.537020  15.193267     47.114     0.003     1.645    -0.000     0.000     1.000     0.035     0.001
  42.040139  15.180372     39.950     0.009     1.395     0.000     0.000     1.000     0.116     0.003
  42.543193  15.166361     39.559     0.018     1.381     0.000     0.000     1.000     0.238     0.006
  43.046179  15.151235     38.105     0.008     1.330     0.000     0.000     1.000     0.105     0.003
  43.549089  15.134995    -46.711     0.017    -1.631    -0.000    -0.000     1.000     0.225     0.006
  44.051920  15.117642    -65.088     0.010    -2.272    -0.000    -0.000     1.000     0.137     0.004
  44.554666  15.099179     78.957     0.011     2.756    -0.000     0.000     1.000     0.144     0.004
  45.057323  15.079606     81.066     0.011     2.830    -0.000     0.000     1.000     0.139     0.004
  45.559883  15.058926     84.249     0.009     2.941    -0.000     0.000     1.000     0.124     0.003
  46.062344  15.037140     82.721     0.010     2.887    -0.000     0.000     1.000     0.132     0.004
  46.564700  15.014251     74.070     0.015     2.586    -0.000     0.000     1.000     0.194     0.005
  47.066945  14.990259     67.570     0.023     2.359    -0.000     0.000     1.000     0.296     0.008
  47.569075  14.965168     66.272     0.026     2.313    -0.000     0.000     1.000     0.340     0.009
  48.071085  14.938979     70.134     0.023     2.448    -0.000     0.000     1.000     0.298     0.008
  48.572970  14.911695     75.266     0.019     2.627    -0.000     0.000     1.000     0.245     0.007
  49.074725  14.883318     80.338     0.020     2.804    -0.000     0.000     1.000     0.265     0.007
  49.576346  14.853851     80.381     0.025     2.806    -0.000     0.000     1.000     0.327     0.009
  50.077827  14.823296     84.660     0.021     2.955    -0.000     0.000     1.000     0.270     0.007
  50.579164  14.791655     89.815     0.014     3.135    -0.000     0.000     1.000     0.185     0.005
  51.080352  14.758932    -89.688     0.007    -3.131    -0.000    -0.000     1.000     0.094     0.003
  51.581388  14.725129    -56.965     0.003    -1.988    -0.000    -0.000     1.000     0.042     0.001
  52.082265  14.690250    -35.891     0.011    -1.253     0.000    -0.000     1.000     0.143     0.004
  52.582980  14.654297    -33.278     0.015    -1.162     0.000    -0.000     1.000     0.194     0.005
  53.083528  14.617273    -26.382     0.008    -0.921     0.000    -0.000     1.000     0.108     0.003
  53.583906  14.579181    -11.438     0.003    -0.399     0.000    -0.000     1.000     0.039     0.001
  54.084107  14.540026    -77.357     0.001    -2.700    -0.000    -0.000     1.000     0.011     0.000
  54.584129  14.499810    -88.917     0.000    -3.104    -0.000    -0.000     1.000     0.006     0.000
  38.264822  14.807175    -21.876     0.001    -0.764     0.000    -0.000     1.000     0.019     0.000
  38.768069  14.801711    -35.540     0.008    -1.241     0.000    -0.000     1.000     0.099     0.003
  39.271288  14.795156    -52.895     0.021    -1.846    -0.000    -0.000     1.000     0.271     0.007
  39.774475  14.787509    -45.896     0.018    -1.602    -0.000    -0.000     1.000     0.240     0.006
  40.277623  14.778772    -30.976     0.017    -1.081     0.000    -0.000     1.000     0.220     0.006
  40.780728  14.768946    -30.865     0.009    -1.077     0.000    -0.000     1.000     0.118     0.003
  41.283786  14.758030    -13.572     0.003    -0.474     0.000    -0.000     1.000     0.039     0.001
  41.786790  14.746026     40.721     0.011     1.421     0.000     0.000     1.000     0.150     0.004
  42.289736  14.732936     43.223     0.026     1.509     0.000     0.000     1.000     0.345     0.009
  42.792620  14.718760     45.499     0.026     1.588    -0.000     0.000     1.000     0.338     0.009
  43.295435  14.703499     16.511     0.019     0.576     0.000     0.000     1.000     0.248     0.007
  43.798178  14.687156     -9.684     0.014    -0.338     0.000    -0.000     1.000     0.180     0.005
  44.300843  14.669730    -19.008     0.006    -0.664     0.000    -0.000     1.000     0.078     0.002
  44.803425  14.651224     72.962     0.006     2.547    -0.000     0.000     1.000     0.076     0.002
  45.305921  14.631640     71.858     0.006     2.508    -0.000     0.000     1.000     0.079     0.002
  45.808324  14.610979     65.236     0.009     2.277    -0.000     0.000     1.000     0.118     0.003
  46.310630  14.589242     60.727     0.016     2.120    -0.000     0.000     1.000     0.215     0.006
  46.812835  14.566433     59.221     0.023     2.067    -0.000     0.000     1.000     0.302     0.008
  47.314933  14.542552     60.752     0.022     2.121    -0.000     0.000     1.000     0.289     0.008
  47.816920  14.517602     64.593     0.015     2.255    -0.000     0.000     1.000     0.197     0.005
  48.318792  14.491585     68.069     0.009     2.376    -0.000     0.000     1.000     0.118     0.003
  48.820543  14.464503     72.957     0.005     2.547    -0.000     0.000     1.000     0.070     0.002
  49.322170  14.436358     77.055     0.005     2.690    -0.000     0.000     1.000     0.070     0.002
  49.823667  14.407154     86.521     0.004     3.020    -0.000     0.000     1.000     0.050     0.001
  50.325031  14.376892    -70.701     0.004    -2.468    -0.000    -0.000     1.000     0.047     0.001
  50.826257  14.345575    -58.865     0.005    -2.055    -0.000    -0.000     1.000     0.060     0.002
  51.327340  14.313206    -53.390     0.005    -1.864    -0.000    -0.000     1.000     0.069     0.002
  51.828276  14.279788    -46.724     0.006    -1.631    -0.000    -0.000     1.000     0.085     0.002
  52.329062  14.245323    -37.740     0.011    -1.317     0.000    -0.000     1.000     0.148     0.004
  52.829692  14.209814    -32.977     0.016    -1.151     0.000    -0.000     1.000     0.203     0.005
  53.330163  14.173264    -25.058     0.010    -0.875     0.000    -0.000     1.000     0.132     0.004
  53.830470  14.135678    -23.906     0.002    -0.834     0.000    -0.000     1.000     0.027     0.001
  54.330609  14.097057    -78.989     0.000    -2.757    -0.000    -0.000     1.000     0.001     0.000
  38.515762  14.363145    -12.048     0.001    -0.421     0.000    -0.000     1.000     0.019     0.001
  39.018862  14.357302    -43.207     0.007    -1.508     0.000    -0.000     1.000     0.088     0.002
  39.521933  14.350398    -47.887     0.021    -1.672    -0.000    -0.000     1.000     0.270     0.007
  40.024970  14.342434    -43.796     0.032    -1.529     0.000    -0.000     1.000     0.416     0.011
  40.527970  14.333409    -48.473     0.035    -1.692    -0.000    -0.000     1.000     0.455     0.012
  41.030927  14.323326    -42.073     0.021    -1.469     0.000    -0.000     1.000     0.273     0.007
  41.533836  14.312184     45.022     0.008     1.572    -0.000     0.000     1.000     0.103     0.003
  42.036693  14.299985     44.696     0.031     1.560     0.000     0.000     1.000     0.399     0.011
  42.539493  14.286730     48.830     0.030     1.704    -0.000     0.000     1.000     0.387     0.010
  43.042231  14.272420     39.919     0.024     1.393     0.000     0.000     1.000     0.316     0.008
  43.544903  14.257056     26.060     0.020     0.910     0.000     0.000     1.000     0.260     0.007
  44.047504  14.240639    -18.353     0.014    -0.641     0.000    -0.000     1.000     0.183     0.005
  44.550030  14.223172    -40.518     0.008    -1.414     0.000    -0.000     1.000     0.104     0.003
  45.052476  14.204655     63.577     0.009     2.219    -0.000     0.000     1.000     0.112     0.003
  45.554837  14.185090     60.605     0.016     2.116    -0.000     0.000     1.000     0.209     0.006
  46.057110  14.164479     59.614     0.023     2.081    -0.000     0.000     1.000     0.294     0.008
  46.559288  14.142823     59.371     0.024     2.072    -0.000     0.000     1.000     0.318     0.009
  47.061369  14.120124     61.339     0.017     2.141    -0.000     0.000     1.000     0.215     0.006
  47.563348  14.096385     64.329     0.008     2.246    -0.000     0.000     1.000     0.108     0.003
  48.065220  14.071607     66.430     0.003     2.319    -0.000     0.000     1.000     0.040     0.001
  48.566980  14.045793     61.343     0.001     2.141    -0.000     0.000     1.000     0.015     0.000
  49.068626  14.018944     54.396     0.001     1.899    -0.000     0.000     1.000     0.010     0.000
  49.570151  13.991064     38.114     0.000     1.330     0.000     0.000     1.000     0.003     0.000
  50.071553  13.962153    -34.151     0.001    -1.192     0.000    -0.000     1.000     0.009     0.000
  50.572827  13.932216    -50.033     0.002    -1.746    -0.000    -0.000     1.000     0.024     0.001
  51.073969  13.901254    -56.534     0.003    -1.973    -0.000    -0.000     1.000     0.044     0.001
  51.574974  13.869270    -57.792     0.005    -2.017    -0.000    -0.000     1.000     0.066     0.002
  52.075839  13.836267    -52.510     0.007    -1.833    -0.000    -0.000     1.000     0.092     0.002
  52.576560  13.802247    -40.519     0.012    -1.414     0.000    -0.000     1.000     0.156     0.004
  53.077133  13.767214    -32.654     0.017    -1.140     0.000    -0.000     1.000     0.227     0.006
  53.577553  13.731170    -27.493     0.012    -0.960     0.000    -0.000     1.000     0.153     0.004
  54.077818  13.694119    -23.848     0.003    -0.832     0.000    -0.000     1.000     0.034     0.001
  36.754584  13.934540     77.942     0.001     2.721    -0.000     0.000     1.000     0.018     0.000
  37.257633  13.932475     55.221     0.002     1.928    -0.000     0.000     1.000     0.022     0.001
  38.263692  13.925250     15.582     0.001     0.544     0.000     0.000     1.000     0.009     0.000
  38.766693  13.920090     71.621     0.000     2.500    -0.000     0.000     1.000     0.006     0.000
  39.269670  13.913898    -62.592     0.003    -2.185    -0.000    -0.000     1.000     0.046     0.001
  39.772617  13.906677    -47.164     0.005    -1.646    -0.000    -0.000     1.000     0.066     0.002
  40.275531  13.898425    -60.328     0.034    -2.106    -0.000    -0.000     1.000     0.441     0.012
  40.778407  13.889144    -65.866     0.052    -2.299    -0.000    -0.001     1.000     0.677     0.018
  41.281240  13.878835    -67.144     0.034    -2.344    -0.000    -0.000     1.000     0.448     0.012
  41.784026  13.867498     58.515     0.022     2.043    -0.000     0.000     1.000     0.293     0.008
  42.286761  13.855134     53.939     0.031     1.883    -0.000     0.000     1.000     0.399     0.011
  42.789441  13.841746     54.594     0.030     1.906    -0.000     0.000     1.000     0.398     0.011
  43.292060  13.827332     42.367     0.027     1.479     0.000     0.000     1.000     0.348     0.009
  43.794614  13.811896     55.173     0.007     1.926    -0.000     0.000     1.000     0.086     0.002
  44.297100  13.795438    -69.524     0.011    -2.427    -0.000    -0.000     1.000     0.140     0.004
  44.799513  13.777960     79.541     0.009     2.777    -0.000     0.000     1.000     0.112     0.003
  45.301849  13.759462     58.943     0.024     2.057    -0.000     0.000     1.000     0.317     0.008
  45.804103  13.739948     58.618     0.025     2.046    -0.000     0.000     1.000     0.322     0.009
  46.306271  13.719417     59.163     0.018     2.065    -0.000     0.000     1.000     0.239     0.006
  46.808349  13.697873     61.643     0.008     2.152    -0.000     0.000     1.000     0.107     0.003
  47.310333  13.675317     64.928     0.002     2.266    -0.000     0.000     1.000     0.031     0.001
  47.812218  13.651751     66.652     0.001     2.327    -0.000     0.000     1.000     0.011     0.000
  48.314002  13.627177     57.030     0.000     1.991    -0.000     0.000     1.000     0.006     0.000
  48.815678  13.601596     33.227     0.000     1.160     0.000     0.000     1.000     0.003     0.000
  51.322325  13.458684    -61.351     0.002    -2.142    -0.000    -0.000     1.000     0.022     0.001
  51.823280  13.427117    -61.238     0.003    -2.138    -0.000    -0.000     1.000     0.041     0.001
  52.324101  13.394560    -54.350     0.006    -1.897    -0.000    -0.000     1.000     0.082     0.002
  52.824784  13.361017    -42.667     0.013    -1.489     0.000    -0.000     1.000     0.170     0.005
  53.325326  13.326491    -37.760     0.020    -1.318     0.000    -0.000     1.000     0.255     0.007
  53.825723  13.290984    -47.010     0.012    -1.641    -0.000    -0.000     1.000     0.155     0.004
  54.325972  13.254500    -73.554     0.005    -2.568    -0.000    -0.000     1.000     0.071     0.002
  36.502966  13.495529    -80.823     0.002    -2.821    -0.000    -0.000     1.000     0.022     0.001
  37.005928  13.494026     71.165     0.007     2.484    -0.000     0.000     1.000     0.097     0.003
  37.508882  13.491521     30.798     0.004     1.075     0.000     0.000     1.000     0.047     0.001
  38.011823  13.488015     -7.027     0.002    -0.245     0.000    -0.000     1.000     0.022     0.001
  38.514747  13.483507     74.560     0.003     2.603    -0.000     0.000     1.000     0.033     0.001
  39.017650  13.477999     81.974     0.017     2.861    -0.000     0.000     1.000     0.215     0.006
  39.520527  13.471490     70.761     0.014     2.470    -0.000     0.000     1.000     0.179     0.005
  40.023375  13.463981     66.231     0.027     2.312    -0.000     0.000     1.000     0.349     0.009
  40.526190  13.455473     86.569     0.048     3.022    -0.001     0.000     1.000     0.629     0.017
  41.028966  13.445967    -85.836     0.064    -2.996    -0.001    -0.000     1.000     0.833     0.022
  41.531701  13.435463    -87.834     0.059    -3.066    -0.001    -0.000     1.000     0.770     0.021
  42.034390  13.423962     70.765     0.034     2.470    -0.000     0.000     1.000     0.438     0.012
  42.537028  13.411465     63.388     0.035     2.213    -0.000     0.000     1.000     0.458     0.012
  43.039612  13.397974     60.830     0.029     2.123    -0.000     0.000     1.000     0.384     0.010
  43.542137  13.383489     65.619     0.024     2.291    -0.000     0.000     1.000     0.314     0.008
  44.044600  13.368011     71.197     0.025     2.485    -0.000     0.000     1.000     0.330     0.009
  44.546997  13.351543     68.519     0.023     2.392    -0.000     0.000     1.000     0.294     0.008
  45.049323  13.334084     54.856     0.019     1.915    -0.000     0.000     1.000     0.244     0.007
  45.551574  13.315638     56.133     0.019     1.959    -0.000     0.000     1.000     0.252     0.007
  46.053746  13.296205     57.296     0.009     2.000    -0.000     0.000     1.000     0.122     0.003
  46.555837  13.275787     60.009     0.002     2.095    -0.000     0.000     1.000     0.033     0.001
  47.057840  13.254386     66.840     0.001     2.333    -0.000     0.000     1.000     0.008     0.000
  47.559753  13.232004     62.671     0.000     2.188    -0.000     0.000     1.000     0.004     0.000
  48.061572  13.208642     57.612     0.000     2.011    -0.000     0.000     1.000     0.003     0.000
  52.072281  12.986740    -64.713     0.001    -2.259    -0.000    -0.000     1.000     0.011     0.000
  52.573084  12.954661    -51.169     0.003    -1.786    -0.000    -0.000     1.000     0.041     0.001
  53.073756  12.921626    -54.301     0.012    -1.895    -0.000    -0.000     1.000     0.159     0.004
  53.574293  12.887638    -70.190     0.035    -2.450    -0.000    -0.000     1.000     0.459     0.012
  54.074693  12.852700    -81.900     0.046    -2.859    -0.001    -0.000     1.000     0.594     0.016
  54.574952  12.816814    -86.261     0.021    -3.011    -0.000    -0.000     1.000     0.275     0.007
  36.251450  13.057259      1.948     0.002     0.068     0.000     0.000     1.000     0.030     0.001
  36.754347  13.056287    -82.038     0.001    -2.864    -0.000    -0.000     1.000     0.015     0.000
  37.257238  13.054344     46.900     0.003     1.637    -0.000     0.000     1.000     0.038     0.001
  37.760120  13.051430    -25.929     0.006    -0.905     0.000    -0.000     1.000     0.084     0.002
  38.262987  13.047545    -57.376     0.003    -2.003    -0.000    -0.000     1.000     0.037     0.001
  38.765837  13.042690     77.718     0.010     2.713    -0.000     0.000     1.000     0.135     0.004
  39.268665  13.036864     71.504     0.032     2.496    -0.000     0.000     1.000     0.411     0.011
  39.771467  13.030068     62.182     0.040     2.171    -0.000     0.000     1.000     0.528     0.014
  40.274240  13.022304     63.432     0.040     2.214    -0.000     0.000     1.000     0.527     0.014
  40.776979  13.013570     67.751     0.056     2.365    -0.001     0.001     1.000     0.728     0.019
  41.279681  13.003869     61.875     0.058     2.160    -0.000     0.001     1.000     0.761     0.020
  41.782342  12.993202     66.085     0.039     2.307    -0.000     0.000     1.000     0.507     0.014
  42.284958  12.981568     67.186     0.038     2.345    -0.000     0.000     1.000     0.491     0.013
  42.787524  12.968969     69.460     0.031     2.425    -0.000     0.000     1.000     0.399     0.011
  43.290038  12.955406     66.884     0.028     2.335    -0.000     0.000     1.000     0.364     0.010
  43.792495  12.940880     65.094     0.032     2.272    -0.000     0.000     1.000     0.419     0.011
  44.294891  12.925393     63.480     0.030     2.216    -0.000     0.000     1.000     0.390     0.010
  44.797224  12.908945     63.751     0.012     2.225    -0.000     0.000     1.000     0.154     0.004
  45.299488  12.891539     49.192     0.009     1.717    -0.000     0.000     1.000     0.112     0.003
  45.801680  12.873175     52.991     0.003     1.850    -0.000     0.000     1.000     0.043     0.001
  46.303798  12.853855     58.471     0.001     2.041    -0.000     0.000     1.000     0.009     0.000
  46.805835  12.833581     62.916     0.000     2.196    -0.000     0.000     1.000     0.003     0.000
  47.307790  12.812354     59.911     0.000     2.091    -0.000     0.000     1.000     0.002     0.000
  49.816197  12.691999     84.896     0.000     2.963    -0.000     0.000     1.000     0.002     0.000
  50.317580  12.665098     84.834     0.000     2.961    -0.000     0.000     1.000     0.002     0.000
  50.818855  12.637258     83.937     0.000     2.930    -0.000     0.000     1.000     0.003     0.000
  51.320019  12.608482     80.651     0.000     2.815    -0.000     0.000     1.000     0.005     0.000
  51.821068  12.578773     72.878     0.001     2.544    -0.000     0.000     1.000     0.007     0.000
  52.322000  12.548133     66.349     0.001     2.316    -0.000     0.000     1.000     0.007     0.000
  52.822811  12.516564    -84.562     0.003    -2.952    -0.000    -0.000     1.000     0.035     0.001
  53.323498  12.484069    -86.093     0.030    -3.005    -0.000    -0.000     1.000     0.392     0.010
  53.824057  12.450650    -87.949     0.083    -3.070    -0.001    -0.000     1.000     1.090     0.029
  54.324485  12.416312    -89.018     0.056    -3.107    -0.001    -0.000     1.000     0.734     0.020
  35.497146  12.619249     30.322     0.005     1.058     0.000     0.000     1.000     0.062     0.002
  36.000000  12.619720     24.030     0.009     0.839     0.000     0.000     1.000     0.123     0.003
  36.502854  12.619249     22.216     0.007     0.775     0.000     0.000     1.000     0.097     0.003
  37.005705  12.617838     58.694     0.006     2.049    -0.000     0.000     1.000     0.082     0.002
  37.508548  12.615486    -80.155     0.005    -2.798    -0.000    -0.000     1.000     0.067     0.002
  38.011380  12.612193    -73.418     0.006    -2.563    -0.000    -0.000     1.000     0.083     0.002
  38.514197  12.607960     82.796     0.005     2.890    -0.000     0.000     1.000     0.067     0.002
  39.016996  12.602787     61.596     0.027     2.150    -0.000     0.000     1.000     0.354     0.009
  39.519772  12.596675     57.854     0.065     2.019    -0.000     0.001     1.000     0.848     0.023
  40.022523  12.589624     46.330     0.075     1.617    -0.000     0.001     1.000     0.977     0.026
  40.525244  12.581634     48.454     0.098     1.691    -0.000     0.001     1.000     1.282     0.034
  41.027932  12.572707     49.384     0.093     1.724    -0.000     0.001     1.000     1.215     0.033
  41.530584  12.562843     52.827     0.058     1.844    -0.000     0.001     1.000     0.755     0.020
  42.033195  12.552042     64.762     0.029     2.261    -0.000     0.000     1.000     0.375     0.010
  42.535762  12.540307     72.003     0.021     2.513    -0.000     0.000     1.000     0.271     0.007
  43.038281  12.527637     59.346     0.020     2.072    -0.000     0.000     1.000     0.260     0.007
  43.540749  12.514034     54.704     0.023     1.910    -0.000     0.000     1.000     0.305     0.008
  44.043163  12.499499     56.635     0.020     1.977    -0.000     0.000     1.000     0.261     0.007
  44.545518  12.484033     75.896     0.007     2.649    -0.000     0.000     1.000     0.085     0.002
  45.047811  12.467638     78.234     0.002     2.731    -0.000     0.000     1.000     0.027     0.001
  45.550039  12.450314     49.849     0.001     1.740    -0.000     0.000     1.000     0.009     0.000
  46.052198  12.432064     61.870     0.000     2.160    -0.000     0.000     1.000     0.005     0.000
  46.554285  12.412889     70.933     0.000     2.476    -0.000     0.000     1.000     0.002     0.000
  47.056296  12.392790    -89.560     0.000    -3.126    -0.000    -0.000     1.000     0.001     0.000
  47.558227  12.371770     85.473     0.000     2.984    -0.000     0.000     1.000     0.002     0.000
  48.060077  12.349829     84.675     0.000     2.956    -0.000     0.000     1.000     0.004     0.000
  48.561840  12.326971     84.426     0.000     2.947    -0.000     0.000     1.000     0.005     0.000
  49.063514  12.303196     84.238     0.000     2.940    -0.000     0.000     1.000     0.006     0.000
  49.565096  12.278506     83.883     0.001     2.928    -0.000     0.000     1.000     0.008     0.000
  50.066582  12.252904     83.437     0.001     2.912    -0.000     0.000     1.000     0.010     0.000
  50.567968  12.226393     83.096     0.001     2.901    -0.000     0.000     1.000     0.012     0.000
  51.069253  12.198973     82.481     0.001     2.879    -0.000     0.000     1.000     0.015     0.000
  51.570432  12.170648     80.723     0.001     2.818    -0.000     0.000     1.000     0.016     0.000
  52.071502  12.141419     75.004     0.001     2.618    -0.000     0.000     1.000     0.014     0.000
  52.572461  12.111290     53.878     0.001     1.881    -0.000     0.000     1.000     0.010     0.000
  53.073305  12.080262     84.964     0.004     2.966    -0.000     0.000     1.000     0.048     0.001
  53.574032  12.048338     88.029     0.017     3.073    -0.000     0.000     1.000     0.219     0.006
  54.074637  12.015522    -90.000     0.022    -3.142    -0.000    -0.000     1.000     0.292     0.008
  35.245753  12.181992     31.450     0.005     1.098     0.000     0.000     1.000     0.070     0.002
  35.748584  12.182902     32.113     0.021     1.121     0.000     0.000     1.000     0.269     0.007
  36.251417  12.182902     34.768     0.016     1.214     0.000     0.000     1.000     0.215     0.006
  36.754248  12.181992     66.078     0.009     2.307    -0.000     0.000     1.000     0.124     0.003
  37.257073  12.180171    -79.622     0.012    -2.779    -0.000    -0.000     1.000     0.157     0.004
  37.759890  12.177441     67.467     0.007     2.355    -0.000     0.000     1.000     0.093     0.002
  38.262695  12.173800     38.678     0.014     1.350     0.000     0.000     1.000     0.184     0.005
  38.765485  12.169251     35.956     0.008     1.255     0.000     0.000     1.000     0.108     0.003
  39.268256  12.163791     58.140     0.034     2.029    -0.000     0.000     1.000     0.443     0.012
  39.771004  12.157424     48.211     0.069     1.683    -0.000     0.001     1.000     0.904     0.024
  40.273726  12.150148     35.207     0.125     1.229     0.001     0.002     1.000     1.634     0.044
  40.776420  12.141964     36.787     0.153     1.284     0.001     0.002     1.000     1.991     0.053
  41.279080  12.132874     41.647     0.093     1.454     0.000     0.001     1.000     1.220     0.033
  41.781705  12.122878     56.564     0.020     1.974    -0.000     0.000     1.000     0.262     0.007
  42.284290  12.111976     87.584     0.012     3.057    -0.000     0.000     1.000     0.158     0.004
  42.786833  12.100170     51.498     0.013     1.798    -0.000     0.000     1.000     0.166     0.004
  43.289329  12.087461     43.893     0.021     1.532     0.000     0.000     1.000     0.278     0.007
  43.791776  12.073849     44.802     0.011     1.564     0.000     0.000     1.000     0.144     0.004
  44.294170  12.059336    -75.057     0.001    -2.620    -0.000    -0.000     1.000     0.014     0.000
  44.796509  12.043924    -65.831     0.001    -2.298    -0.000    -0.000     1.000     0.015     0.000
  45.298787  12.027612     82.106     0.001     2.866    -0.000     0.000     1.000     0.007     0.000
  45.801004  12.010404     75.307     0.001     2.629    -0.000     0.000     1.000     0.007     0.000
  46.303154  11.992299     84.239     0.000     2.941    -0.000     0.000     1.000     0.006     0.000
  46.805235  11.973300     84.762     0.001     2.959    -0.000     0.000     1.000     0.007     0.000
  47.307244  11.953409     84.201     0.001     2.939    -0.000     0.000     1.000     0.008     0.000
  47.809178  11.932626     83.466     0.001     2.914    -0.000     0.000     1.000     0.010     0.000
  48.311033  11.910954     82.948     0.001     2.895    -0.000     0.000     1.000     0.011     0.000
  48.812806  11.888394     82.491     0.001     2.879    -0.000     0.000     1.000     0.012     0.000
  49.314495  11.864949     82.031     0.001     2.863    -0.000     0.000     1.000     0.012     0.000
  49.816096  11.840620     81.017     0.001     2.828    -0.000     0.000     1.000     0.012     0.000
  50.317605  11.815409     79.727     0.001     2.783    -0.000     0.000     1.000     0.012     0.000
  50.819021  11.789318     79.019     0.001     2.758    -0.000     0.000     1.000     0.012     0.000
  51.320340  11.762350     79.035     0.001     2.759    -0.000     0.000     1.000     0.010     0.000
  51.821559  11.734507     77.523     0.000     2.706    -0.000     0.000     1.000     0.007     0.000
  52.322675  11.705791     57.511     0.000     2.008    -0.000     0.000     1.000     0.003     0.000
  34.994338  11.745477     29.169     0.005     1.018     0.000     0.000     1.000     0.069     0.002
  35.497168  11.746796     25.915     0.019     0.905     0.000     0.000     1.000     0.250     0.007
  36.000000  11.747236     25.865     0.016     0.903     0.000     0.000     1.000     0.213     0.006
  36.502833  11.746796    -13.698     0.008    -0.478     0.000    -0.000     1.000     0.106     0.003
  37.005662  11.745477    -48.089     0.012    -1.679    -0.000    -0.000     1.000     0.156     0.004
  37.508485  11.743278    -40.627     0.010    -1.418     0.000    -0.000     1.000     0.135     0.004
  38.011299  11.740200     25.551     0.021     0.892     0.000     0.000     1.000     0.277     0.007
  38.514099  11.736243     23.174     0.032     0.809     0.000     0.000     1.000     0.420     0.011
  39.016884  11.731407     12.077     0.039     0.422     0.000     0.000     1.000     0.504     0.013
  39.519649  11.725693     42.547     0.030     1.485     0.000     0.000     1.000     0.388     0.010
  40.022392  11.719101     25.410     0.081     0.887     0.001     0.001     1.000     1.055     0.028
  40.525109  11.711631     26.422     0.119     0.922     0.001     0.001     1.000     1.554     0.042
  41.027798  11.703285     26.413     0.095     0.922     0.001     0.001     1.000     1.234     0.033
  41.530454  11.694063     28.272     0.009     0.987     0.000     0.000     1.000     0.117     0.003
  42.033076  11.683966    -88.908     0.016    -3.103    -0.000    -0.000     1.000     0.211     0.006
  42.535659  11.672995     65.075     0.027     2.272    -0.000     0.000     1.000     0.359     0.010
  43.038201  11.661150     47.985     0.025     1.675    -0.000     0.000     1.000     0.325     0.009
  43.540698  11.648433     38.554     0.007     1.346     0.000     0.000     1.000     0.089     0.002
  44.043148  11.634844    -52.111     0.001    -1.819    -0.000    -0.000     1.000     0.017     0.000
  44.545548  11.620385    -71.942     0.001    -2.511    -0.000    -0.000     1.000     0.012     0.000
  45.047893  11.605057     80.872     0.001     2.823    -0.000     0.000     1.000     0.010     0.000
  45.550182  11.588861     80.798     0.001     2.820    -0.000     0.000     1.000     0.009     0.000
  46.052411  11.571799     82.108     0.001     2.866    -0.000     0.000     1.000     0.010     0.000
  46.554577  11.553872     82.401     0.001     2.876    -0.000     0.000     1.000     0.010     0.000
  47.056678  11.535081     81.743     0.001     2.853    -0.000     0.000     1.000     0.010     0.000
  47.558709  11.515428     81.220     0.001     2.835    -0.000     0.000     1.000     0.009     0.000
  48.060669  11.494915     80.449     0.001     2.808    -0.000     0.000     1.000     0.008     0.000
  48.562555  11.473543     78.987     0.001     2.757    -0.000     0.000     1.000     0.008     0.000
  49.064363  11.451314     77.736     0.001     2.714    -0.000     0.000     1.000     0.008     0.000
  49.566090  11.428231     77.281     0.001     2.698    -0.000     0.000     1.000     0.009     0.000
  50.067734  11.404294     77.170     0.001     2.694    -0.000     0.000     1.000     0.007     0.000
  50.569293  11.379506     77.263     0.000     2.697    -0.000     0.000     1.000     0.005     0.000
  34.742869  11.309695     36.440     0.006     1.272     0.000     0.000     1.000     0.082     0.002
  35.245719  11.311393     28.689     0.017     1.001     0.000     0.000     1.000     0.216     0.006
  35.748573  11.312241     16.451     0.015     0.574     0.000     0.000     1.000     0.196     0.005
  36.251428  11.312241    -26.543     0.013    -0.927     0.000    -0.000     1.000     0.175     0.005
  36.754282  11.311393    -48.682     0.028    -1.699    -0.000    -0.000     1.000     0.364     0.010
  37.257131  11.309695    -48.593     0.026    -1.696    -0.000    -0.000     1.000     0.334     0.009
  37.759973  11.307149    -31.634     0.004    -1.104     0.000    -0.000     1.000     0.048     0.001
  38.262805  11.303754     43.007     0.013     1.501     0.000     0.000     1.000     0.168     0.004
  38.765623  11.299511     24.768     0.022     0.865     0.000     0.000     1.000     0.292     0.008
  39.268425  11.294420     34.566     0.014     1.207     0.000     0.000     1.000     0.177     0.005
  39.771207  11.288482     31.615     0.043     1.104     0.000     0.001     1.000     0.568     0.015
  40.273967  11.281697     24.328     0.059     0.849     0.001     0.001     1.000     0.773     0.021
  40.776702  11.274066      7.012     0.041     0.245     0.001     0.000     1.000     0.533     0.014
  41.279409  11.265589     37.449     0.006     1.307     0.000     0.000     1.000     0.084     0.002
  41.782085  11.256266     64.707     0.025     2.259    -0.000     0.000     1.000     0.322     0.009
  42.284727  11.246100     53.842     0.048     1.879    -0.000     0.001     1.000     0.632     0.017
  42.787331  11.235090     49.584     0.039     1.731    -0.000     0.001     1.000     0.506     0.014
  43.289896  11.223238     42.770     0.007     1.493     0.000     0.000     1.000     0.095     0.003
  43.792418  11.210545    -58.631     0.001    -2.047    -0.000    -0.000     1.000     0.015     0.000
  44.294895  11.197010    -83.111     0.001    -2.901    -0.000    -0.000     1.000     0.012     0.000
  44.797323  11.182637     82.224     0.001     2.870    -0.000     0.000     1.000     0.009     0.000
  45.299700  11.167425     79.228     0.001     2.766    -0.000     0.000     1.000     0.008     0.000
  45.802022  11.151377     80.352     0.000     2.805    -0.000     0.000     1.000     0.007     0.000
  46.304288  11.134493     80.088     0.000     2.796    -0.000     0.000     1.000     0.005     0.000
  46.806494  11.116775     78.129     0.000     2.727    -0.000     0.000     1.000     0.005     0.000
  47.308638  11.098224     76.702     0.000     2.677    -0.000     0.000     1.000     0.006     0.000
  47.810716  11.078842     76.192     0.001     2.660    -0.000     0.000     1.000     0.007     0.000
  48.312727  11.058630     76.019     0.001     2.654    -0.000     0.000     1.000     0.007     0.000
  48.814667  11.037591     75.786     0.000     2.645    -0.000     0.000     1.000     0.005     0.000
  49.316533  11.015725     75.573     0.000     2.638    -0.000     0.000     1.000     0.003     0.000
  34.491314  10.874637     39.434     0.006     1.377     0.000     0.000     1.000     0.076     0.002
  34.994205  10.876682     38.543     0.019     1.345     0.000     0.000     1.000     0.246     0.007
  35.497101  10.877909     21.538     0.015     0.752     0.000     0.000     1.000     0.198     0.005
  36.000000  10.878318      5.131     0.008     0.179     0.000     0.000     1.000     0.111     0.003
  36.502899  10.877909    -49.105     0.015    -1.714    -0.000    -0.000     1.000     0.197     0.005
  37.005796  10.876682    -62.564     0.024    -2.184    -0.000    -0.000     1.000     0.319     0.009
  37.508687  10.874637    -49.591     0.011    -1.731    -0.000    -0.000     1.000     0.147     0.004
  38.011569  10.871774     72.704     0.006     2.538    -0.000     0.000     1.000     0.077     0.002
  38.514441  10.868094     45.180     0.004     1.577    -0.000     0.000     1.000     0.051     0.001
  39.017299  10.863596     12.305     0.009     0.430     0.000     0.000     1.000     0.118     0.003
  39.520140  10.858282     27.593     0.031     0.963     0.000     0.000     1.000     0.400     0.011
  40.022962  10.852151     50.247     0.028     1.754    -0.000     0.000     1.000     0.368     0.010
  40.525762  10.845204     25.413     0.005     0.887     0.000     0.000     1.000     0.063     0.002
  41.028537  10.837442     47.918     0.017     1.673    -0.000     0.000     1.000     0.215     0.006
  41.531285  10.828865     53.787     0.042     1.878    -0.000     0.001     1.000     0.544     0.015
  42.034002  10.819475     47.628     0.057     1.663    -0.000     0.001     1.000     0.744     0.020
  42.536687  10.809271     40.526     0.028     1.415     0.000     0.000     1.000     0.367     0.010
  43.039336  10.798255     36.664     0.007     1.280     0.000     0.000     1.000     0.097     0.003
  43.541948  10.786427    -55.677     0.001    -1.943    -0.000    -0.000     1.000     0.008     0.000
  44.044518  10.773789    -65.686     0.001    -2.293    -0.000    -0.000     1.000     0.008     0.000
  44.547044  10.760341     84.142     0.000     2.937    -0.000     0.000     1.000     0.003     0.000
  45.049525  10.746085     74.923     0.000     2.615    -0.000     0.000     1.000     0.003     0.000
  45.551956  10.731022     75.608     0.000     2.639    -0.000     0.000     1.000     0.005     0.000
  46.054337  10.715152     75.598     0.000     2.639    -0.000     0.000     1.000     0.006     0.000
  46.556663  10.698479     75.375     0.001     2.631    -0.000     0.000     1.000     0.007     0.000
  47.058932  10.681002     75.224     0.000     2.626    -0.000     0.000     1.000     0.006     0.000
  47.561143  10.662723     74.963     0.000     2.617    -0.000     0.000     1.000     0.004     0.000
  48.063292  10.643644     74.827     0.000     2.612    -0.000     0.000     1.000     0.002     0.000
  34.239641  10.440293     46.423     0.001     1.620    -0.000     0.000     1.000     0.015     0.000
  34.742594  10.442654     27.991     0.004     0.977     0.000     0.000     1.000     0.058     0.002
  35.245554  10.444228     21.164     0.007     0.739     0.000     0.000     1.000     0.086     0.002
  35.748518  10.445015      3.323     0.018     0.116     0.000     0.000     1.000     0.238     0.006
  36.251483  10.445015    -13.823     0.004    -0.483     0.000    -0.000     1.000     0.048     0.001
  36.754446  10.444228    -69.102     0.017    -2.412    -0.000    -0.000     1.000     0.223     0.006
  37.257406  10.442654    -73.664     0.008    -2.571    -0.000    -0.000     1.000     0.111     0.003
  37.760360  10.440293      4.642     0.004     0.162     0.000     0.000     1.000     0.052     0.001
  38.263304  10.437144     12.469     0.003     0.435     0.000     0.000     1.000     0.035     0.001
  38.766238  10.433210     14.962     0.006     0.522     0.000     0.000     1.000     0.075     0.002
  39.269157  10.428489     24.351     0.011     0.850     0.000     0.000     1.000     0.141     0.004
  39.772059  10.422983     55.699     0.009     1.944    -0.000     0.000     1.000     0.121     0.003
  40.274943  10.416691     58.124     0.037     2.029    -0.000     0.000     1.000     0.479     0.013
  40.777805  10.409614     48.303     0.039     1.686    -0.000     0.001     1.000     0.515     0.014
  41.280643  10.401753     50.739     0.052     1.771    -0.000     0.001     1.000     0.675     0.018
  41.783454  10.393108     48.157     0.053     1.681    -0.000     0.001     1.000     0.694     0.019
  42.286237  10.383680     36.349     0.022     1.269     0.000     0.000     1.000     0.292     0.008
  42.788987  10.373471     22.643     0.007     0.790     0.000     0.000     1.000     0.097     0.003
  43.291704  10.362479    -23.851     0.001    -0.833     0.000    -0.000     1.000     0.011     0.000
  43.794384  10.350708    -62.686     0.000    -2.188    -0.000    -0.000     1.000     0.006     0.000
  44.297025  10.338157     80.040     0.000     2.794    -0.000     0.000     1.000     0.005     0.000
  44.799625  10.324828     73.723     0.000     2.573    -0.000     0.000     1.000     0.006     0.000
  45.302181  10.310721     74.405     0.000     2.597    -0.000     0.000     1.000     0.006     0.000
  45.804690  10.295838     74.853     0.000     2.613    -0.000     0.000     1.000     0.005     0.000
  46.307151  10.280181     74.892     0.000     2.614    -0.000     0.000     1.000     0.003     0.000
  34.490856  10.009300    -71.553     0.002    -2.498    -0.000    -0.000     1.000     0.025     0.001
  34.993900  10.011191    -45.479     0.008    -1.588    -0.000    -0.000     1.000     0.101     0.003
  35.496949  10.012325     -9.114     0.009    -0.318     0.000    -0.000     1.000     0.123     0.003
  36.000000  10.012703    -10.829     0.006    -0.378     0.000    -0.000     1.000     0.079     0.002
  36.503052  10.012325    -67.587     0.013    -2.359    -0.000    -0.000     1.000     0.169     0.005
  37.006101  10.011191    -71.217     0.009    -2.486    -0.000    -0.000     1.000     0.113     0.003
  37.509145  10.009300     18.290     0.004     0.638     0.000     0.000     1.000     0.055     0.001
  38.012182  10.006654     29.162     0.014     1.018     0.000     0.000     1.000     0.176     0.005
  38.515210  10.003252     21.810     0.019     0.761     0.000     0.000     1.000     0.252     0.007
  39.018226   9.999094      1.601     0.016     0.056     0.000     0.000     1.000     0.210     0.006
  39.521228   9.994182    -31.299     0.031    -1.093     0.000    -0.000     1.000     0.399     0.011
  40.024214   9.988514     55.238     0.010     1.928    -0.000     0.000     1.000     0.130     0.003
  40.527181   9.982093     47.574     0.049     1.661    -0.000     0.001     1.000     0.644     0.017
  41.030127   9.974917     49.009     0.061     1.711    -0.000     0.001     1.000     0.799     0.021
  41.533050   9.966989     50.475     0.048     1.762    -0.000     0.001     1.000     0.631     0.017
  42.035947   9.958308     55.354     0.020     1.932    -0.000     0.000     1.000     0.255     0.007
  42.538816   9.948875     38.770     0.002     1.353     0.000     0.000     1.000     0.028     0.001
  43.041655   9.938691    -35.975     0.001    -1.256     0.000    -0.000     1.000     0.011     0.000
  43.544462   9.927758    -74.530     0.001    -2.602    -0.000    -0.000     1.000     0.007     0.000
  44.047234   9.916074     80.574     0.001     2.813    -0.000     0.000     1.000     0.007     0.000
  44.549969   9.903643     73.740     0.000     2.574    -0.000     0.000     1.000     0.005     0.000
  45.052664   9.890464     73.128     0.000     2.553    -0.000     0.000     1.000     0.003     0.000
  34.238958   9.576612     42.870     0.001     1.496     0.000     0.000     1.000     0.007     0.000
  34.742108   9.578787     21.300     0.001     0.743     0.000     0.000     1.000     0.011     0.000
  35.245263   9.580237    -10.388     0.003    -0.363     0.000    -0.000     1.000     0.045     0.001
  35.748421   9.580962     -4.662     0.013    -0.163     0.000    -0.000     1.000     0.176     0.005
  36.251580   9.580962    -46.783     0.011    -1.633    -0.000    -0.000     1.000     0.141     0.004
  36.754738   9.580237    -51.454     0.012    -1.796    -0.000    -0.000     1.000     0.158     0.004
  37.257893   9.578787      6.925     0.006     0.242     0.000     0.000     1.000     0.076     0.002
  37.761042   9.576612     30.982     0.009     1.081     0.000     0.000     1.000     0.119     0.003
  38.264184   9.573711     14.112     0.017     0.493     0.000     0.000     1.000     0.227     0.006
  38.767316   9.570087      5.645     0.035     0.197     0.000     0.000     1.000     0.463     0.012
  39.270437   9.565738    -16.197     0.052    -0.565     0.001    -0.000     1.000     0.680     0.018
  39.773543   9.560665      1.131     0.018     0.039     0.000     0.000     1.000     0.240     0.006
  40.276634   9.554868     57.431     0.036     2.005    -0.000     0.000     1.000     0.476     0.013
  40.779706   9.548349     55.147     0.057     1.925    -0.000     0.001     1.000     0.746     0.020
  41.282758   9.541107     53.610     0.039     1.871    -0.000     0.000     1.000     0.512     0.014
  41.785787   9.533143     58.064     0.031     2.027    -0.000     0.000     1.000     0.399     0.011
  42.288792   9.524457     56.869     0.012     1.985    -0.000     0.000     1.000     0.161     0.004
  42.791770   9.515052     73.717     0.001     2.573    -0.000     0.000     1.000     0.011     0.000
  43.294720   9.504926    -60.343     0.000    -2.106    -0.000    -0.000     1.000     0.006     0.000
  34.490147   9.147008     45.392     0.004     1.584    -0.000     0.000     1.000     0.055     0.001
  34.993428   9.148743     46.642     0.006     1.628    -0.000     0.000     1.000     0.074     0.002
  35.496713   9.149784     16.357     0.007     0.571     0.000     0.000     1.000     0.086     0.002
  36.000000   9.150131    -25.096     0.005    -0.876     0.000    -0.000     1.000     0.059     0.002
  36.503287   9.149784    -36.969     0.012    -1.290     0.000    -0.000     1.000     0.156     0.004
  37.006572   9.148743    -16.323     0.009    -0.570     0.000    -0.000     1.000     0.119     0.003
  37.509853   9.147008     18.231     0.008     0.636     0.000     0.000     1.000     0.110     0.003
  38.013129   9.144579     10.548     0.017     0.368     0.000     0.000     1.000     0.225     0.006
  38.516396   9.141457    -12.073     0.041    -0.421     0.000    -0.000     1.000     0.535     0.014
  39.019653   9.137641    -10.101     0.080    -0.353     0.001    -0.000     1.000     1.039     0.028
  39.522899   9.133132      1.996     0.074     0.070     0.001     0.000     1.000     0.962     0.026
  40.026131   9.127930     16.863     0.055     0.589     0.001     0.000     1.000     0.714     0.019
  40.529348   9.122037     39.114     0.045     1.365     0.000     0.001     1.000     0.582     0.016
  41.032547   9.115451     62.119     0.029     2.168    -0.000     0.000     1.000     0.372     0.010
  41.535726   9.108174     55.102     0.016     1.923    -0.000     0.000     1.000     0.211     0.006
  42.038884   9.100207     49.588     0.013     1.731    -0.000     0.000     1.000     0.171     0.005
  34.237988   8.715845     44.224     0.001     1.544     0.000     0.000     1.000     0.013     0.000
  34.741415   8.717833     42.975     0.003     1.500     0.000     0.000     1.000     0.034     0.001
  35.244848   8.719159      1.216     0.005     0.042     0.000     0.000     1.000     0.060     0.002
  35.748282   8.719822    -16.675     0.005    -0.582     0.000    -0.000     1.000     0.060     0.002
  36.251718   8.719822      8.401     0.006     0.293     0.000     0.000     1.000     0.074     0.002
  36.755153   8.719159      1.227     0.010     0.043     0.000     0.000     1.000     0.131     0.004
  37.258585   8.717833     10.026     0.009     0.350     0.000     0.000     1.000     0.114     0.003
  37.762013   8.715845     16.146     0.014     0.564     0.000     0.000     1.000     0.186     0.005
  38.265434   8.713194      1.709     0.035     0.060     0.000     0.000     1.000     0.460     0.012
  38.768848   8.709881     -8.179     0.090    -0.286     0.001    -0.000     1.000     1.174     0.031
  39.272251   8.705906     -7.104     0.122    -0.248     0.002    -0.000     1.000     1.594     0.043
  39.775643   8.701269     -1.266     0.087    -0.044     0.001    -0.000     1.000     1.136     0.030
  40.279022   8.695970     13.492     0.052     0.471     0.001     0.000     1.000     0.674     0.018
  40.782385   8.690011     23.246     0.017     0.811     0.000     0.000     1.000     0.219     0.006
  41.285732   8.683391     56.471     0.006     1.971    -0.000     0.000     1.000     0.083     0.002
  41.789060   8.676112     49.364     0.003     1.723    -0.000     0.000     1.000     0.042     0.001
  34.489194   8.287500      7.724     0.000     0.270     0.000     0.000     1.000     0.005     0.000
  34.992794   8.289078    -11.833     0.002    -0.413     0.000    -0.000     1.000     0.023     0.001
  35.496396   8.290026    -21.058     0.009    -0.735     0.000    -0.000     1.000     0.115     0.003
  36.000000   8.290342     -4.865     0.005    -0.170     0.000    -0.000     1.000     0.068     0.002
  36.503604   8.290026     20.704     0.013     0.723     0.000     0.000     1.000     0.163     0.004
  37.007207   8.289078     15.531     0.016     0.542     0.000     0.000     1.000     0.202     0.005
  37.510806   8.287500      8.298     0.013     0.290     0.000     0.000     1.000     0.163     0.004
  38.014401   8.285289    -10.572     0.021    -0.369     0.000    -0.000     1.000     0.269     0.007
  38.517988   8.282448    -24.001     0.058    -0.838     0.001    -0.001     1.000     0.759     0.020
  39.021568   8.278976    -34.702     0.101    -1.211     0.000    -0.001     1.000     1.317     0.035
  39.525138   8.274873      2.870     0.039     0.100     0.001     0.000     1.000     0.505     0.014
  40.028697   8.270140     18.823     0.027     0.657     0.000     0.000     1.000     0.357     0.010
  40.532243   8.264777     30.258     0.010     1.056     0.000     0.000     1.000     0.136     0.004
  41.035775   8.258784     46.588     0.002     1.626    -0.000     0.000     1.000     0.033     0.001
  41.539290   8.252162     87.373     0.000     3.050    -0.000     0.000     1.000     0.006     0.000
  34.740522   7.859533    -12.258     0.001    -0.428     0.000    -0.000     1.000     0.009     0.000
  35.244312   7.860733    -23.057     0.002    -0.805     0.000    -0.000     1.000     0.023     0.001
  35.748104   7.861334    -25.557     0.003    -0.892     0.000    -0.000     1.000     0.043     0.001
  36.251897   7.861334     15.970     0.004     0.557     0.000     0.000     1.000     0.050     0.001
  36.755689   7.860733     19.521     0.018     0.681     0.000     0.000     1.000     0.233     0.006
  37.259479   7.859533      9.082     0.018     0.317     0.000     0.000     1.000     0.235     0.006
  37.763265   7.857733    -16.585     0.015    -0.579     0.000    -0.000     1.000     0.193     0.005
  38.267046   7.855333    -49.992     0.067    -1.745    -0.000    -0.001     1.000     0.878     0.024
  38.770821   7.852333    -54.393     0.235    -1.899    -0.001    -0.003     1.000     3.070     0.082
  39.274587   7.848733    -48.645     0.048    -1.698    -0.000    -0.001     1.000     0.620     0.017
  39.778344   7.844534     33.055     0.029     1.154     0.000     0.000     1.000     0.375     0.010
  40.282091   7.839737     42.590     0.015     1.487     0.000     0.000     1.000     0.197     0.005
  40.785825   7.834341     58.764     0.004     2.051    -0.000     0.000     1.000     0.046     0.001
  41.289545   7.828347    -74.887     0.001    -2.614    -0.000    -0.000     1.000     0.012     0.000
  34.488003   7.430515     -6.203     0.000    -0.217     0.000    -0.000     1.000     0.005     0.000
  34.992000   7.431936     -8.645     0.001    -0.302     0.000    -0.000     1.000     0.007     0.000
  35.495999   7.432789    -64.782     0.001    -2.261    -0.000    -0.000     1.000     0.008     0.000
  36.000000   7.433074    -52.928     0.001    -1.848    -0.000    -0.000     1.000     0.012     0.000
  36.504001   7.432789     23.641     0.001     0.825     0.000     0.000     1.000     0.013     0.000
  37.008001   7.431936     25.227     0.013     0.881     0.000     0.000     1.000     0.173     0.005
  37.511997   7.430515     22.286     0.015     0.778     0.000     0.000     1.000     0.193     0.005
  38.015990   7.428525    -52.338     0.036    -1.827    -0.000    -0.000     1.000     0.464     0.012
  38.519978   7.425966    -57.341     0.250    -2.002    -0.001    -0.003     1.000     3.264     0.087
  39.023959   7.422839    -53.460     0.099    -1.866    -0.000    -0.001     1.000     1.293     0.035
  39.527933   7.419145     31.840     0.006     1.111     0.000     0.000     1.000     0.076     0.002
  40.031897   7.414882     36.524     0.018     1.275     0.000     0.000     1.000     0.233     0.006
  40.535851   7.410053     45.854     0.009     1.601    -0.000     0.000     1.000     0.116     0.003
  41.039793   7.404657     64.531     0.001     2.253    -0.000     0.000     1.000     0.018     0.000
  34.739432   7.003626     -5.682     0.000    -0.198     0.000    -0.000     1.000     0.006     0.000
  35.243658   7.004700    -18.145     0.000    -0.633     0.000    -0.000     1.000     0.002     0.000
  35.747886   7.005237    -75.627     0.001    -2.640    -0.000    -0.000     1.000     0.007     0.000
  36.252115   7.005237    -70.000     0.001    -2.443    -0.000    -0.000     1.000     0.019     0.001
  36.756343   7.004700     74.543     0.002     2.602    -0.000     0.000     1.000     0.021     0.001
  37.260569   7.003626     45.932     0.010     1.603    -0.000     0.000     1.000     0.127     0.003
  37.764792   7.002015     58.475     0.005     2.041    -0.000     0.000     1.000     0.067     0.002
  38.269012   6.999866    -60.110     0.071    -2.098    -0.000    -0.001     1.000     0.925     0.025
  38.773226   6.997182    -57.315     0.066    -2.001    -0.000    -0.001     1.000     0.859     0.023
  39.277433   6.993960    -53.239     0.003    -1.858    -0.000    -0.000     1.000     0.045     0.001
  39.781634   6.990203     32.116     0.012     1.121     0.000     0.000     1.000     0.151     0.004
  40.285825   6.985909     37.619     0.006     1.313     0.000     0.000     1.000     0.082     0.002
  40.790007   6.981080     45.180     0.004     1.577    -0.000     0.000     1.000     0.047     0.001
  34.486578   6.575793     -5.463     0.000    -0.191     0.000    -0.000     1.000     0.003     0.000
  34.991051   6.577057     -6.373     0.001    -0.222     0.000    -0.000     1.000     0.008     0.000
  35.495525   6.577815    -77.935     0.000    -2.720    -0.000    -0.000     1.000     0.005     0.000
  36.000000   6.578068    -67.109     0.001    -2.343    -0.000    -0.000     1.000     0.011     0.000
  36.504476   6.577815    -76.455     0.002    -2.669    -0.000    -0.000     1.000     0.021     0.001
  37.008950   6.577057     55.168     0.004     1.926    -0.000     0.000     1.000     0.057     0.002
  37.513422   6.575793     59.958     0.010     2.093    -0.000     0.000     1.000     0.136     0.004
  38.017891   6.574025    -89.496     0.013    -3.124    -0.000    -0.000     1.000     0.172     0.005
  38.522357   6.571750    -72.008     0.015    -2.514    -0.000    -0.000     1.000     0.199     0.005
  39.026816   6.568971     -8.759     0.000    -0.306     0.000    -0.000     1.000     0.001     0.000
  39.531270   6.565688     23.160     0.006     0.808     0.000     0.000     1.000     0.072     0.002
  40.035717   6.561899     34.741     0.002     1.213     0.000     0.000     1.000     0.029     0.001
  40.540155   6.557607     62.804     0.001     2.192    -0.000     0.000     1.000     0.009     0.000
  34.738149   6.149852     -8.528     0.000    -0.298     0.000    -0.000     1.000     0.006     0.000
  35.242889   6.150799    -19.176     0.000    -0.669     0.000    -0.000     1.000     0.005     0.000
  35.747630   6.151273    -70.634     0.001    -2.466    -0.000    -0.000     1.000     0.008     0.000
  36.252371   6.151273    -76.724     0.001    -2.678    -0.000    -0.000     1.000     0.018     0.000
  36.757112   6.150799     47.981     0.003     1.675    -0.000     0.000     1.000     0.045     0.001
  37.261852   6.149852     52.974     0.009     1.849    -0.000     0.000     1.000     0.111     0.003
  37.766589   6.148431     85.085     0.007     2.970    -0.000     0.000     1.000     0.091     0.002
  38.271323   6.146536    -76.457     0.011    -2.669    -0.000    -0.000     1.000     0.150     0.004
  38.776053   6.144169    -70.570     0.001    -2.463    -0.000    -0.000     1.000     0.016     0.000
  39.280779   6.141328    -12.753     0.002    -0.445     0.000    -0.000     1.000     0.023     0.001
  39.785498   6.138014    -34.851     0.001    -1.217     0.000    -0.000     1.000     0.007     0.000
  40.290211   6.134227    -60.242     0.001    -2.103    -0.000    -0.000     1.000     0.015     0.000
  34.989949   5.724181    -11.725     0.001    -0.409     0.000    -0.000     1.000     0.009     0.000
  35.494974   5.724844    -77.213     0.000    -2.695    -0.000    -0.000     1.000     0.006     0.000
  36.000000   5.725065     86.641     0.001     3.024    -0.000     0.000     1.000     0.018     0.000
  36.505026   5.724844     48.428     0.005     1.690    -0.000     0.000     1.000     0.059     0.002
  37.010052   5.724181     41.267     0.008     1.440     0.000     0.000     1.000     0.101     0.003
  37.515076   5.723076    -15.093     0.000    -0.527     0.000    -0.000     1.000     0.004     0.000
  38.020097   5.721530    -51.375     0.004    -1.793    -0.000    -0.000     1.000     0.057     0.002
  38.525115   5.719542    -47.021     0.003    -1.641    -0.000    -0.000     1.000     0.042     0.001
  39.030130   5.717113    -38.395     0.003    -1.340     0.000    -0.000     1.000     0.043     0.001
  39.535140   5.714243    -62.443     0.002    -2.180    -0.000    -0.000     1.000     0.030     0.001
  40.040144   5.710932    -61.295     0.002    -2.140    -0.000    -0.000     1.000     0.020     0.001
  34.736678   5.297952     -6.286     0.000    -0.219     0.000    -0.000     1.000     0.003     0.000
  35.242006   5.298772     41.001     0.000     1.431     0.000     0.000     1.000     0.002     0.000
  35.747335   5.299182     66.256     0.002     2.313    -0.000     0.000     1.000     0.030     0.001
  36.252665   5.299182     49.153     0.004     1.716    -0.000     0.000     1.000     0.057     0.002
  36.757995   5.298772     35.053     0.006     1.224     0.000     0.000     1.000     0.081     0.002
  37.263323   5.297952    -25.405     0.003    -0.887     0.000    -0.000     1.000     0.034     0.001
  37.768650   5.296723    -37.540     0.004    -1.310     0.000    -0.000     1.000     0.050     0.001
  38.273974   5.295083    -34.314     0.003    -1.198     0.000    -0.000     1.000     0.042     0.001
  38.779295   5.293035    -34.180     0.002    -1.193     0.000    -0.000     1.000     0.025     0.001
  39.284613   5.290577    -61.587     0.001    -2.150    -0.000    -0.000     1.000     0.018     0.000
  39.789926   5.287710    -70.043     0.002    -2.445    -0.000    -0.000     1.000     0.021     0.001
  34.483048   4.872104     53.174     0.000     1.856    -0.000     0.000     1.000     0.004     0.000
  34.988697   4.873049     48.533     0.001     1.694    -0.000     0.000     1.000     0.014     0.000
  35.494349   4.873615     57.426     0.003     2.005    -0.000     0.000     1.000     0.035     0.001
  36.000000   4.873804     45.105     0.003     1.574    -0.000     0.000     1.000     0.035     0.001
  36.505652   4.873615     29.656     0.005     1.035     0.000     0.000     1.000     0.066     0.002
  37.011303   4.873049    -32.401     0.003    -1.131     0.000    -0.000     1.000     0.045     0.001
  37.516953   4.872104    -34.982     0.004    -1.221     0.000    -0.000     1.000     0.050     0.001
  38.022601   4.870782    -33.114     0.002    -1.156     0.000    -0.000     1.000     0.029     0.001
  38.528247   4.869083    -28.767     0.001    -1.004     0.000    -0.000     1.000     0.007     0.000
  39.033890   4.867006    -56.463     0.000    -1.971    -0.000    -0.000     1.000     0.001     0.000
  39.539530   4.864552    -74.682     0.000    -2.607    -0.000    -0.000     1.000     0.005     0.000
  33.723043   4.445248     55.808     0.000     1.948    -0.000     0.000     1.000     0.005     0.000
  34.229031   4.446630     54.682     0.001     1.909    -0.000     0.000     1.000     0.013     0.000
  34.735021   4.447667     52.377     0.002     1.828    -0.000     0.000     1.000     0.027     0.001
  35.241012   4.448358     42.795     0.002     1.494     0.000     0.000     1.000     0.022     0.001
  35.747004   4.448704     32.499     0.002     1.134     0.000     0.000     1.000     0.022     0.001
  36.252996   4.448704     25.072     0.004     0.875     0.000     0.000     1.000     0.052     0.001
  36.758988   4.448358    -35.701     0.004    -1.246     0.000    -0.000     1.000     0.056     0.001
  37.264979   4.447667    -33.289     0.003    -1.162     0.000    -0.000     1.000     0.039     0.001
  37.770969   4.446630    -33.422     0.001    -1.167     0.000    -0.000     1.000     0.013     0.000
  38.276958   4.445248    -28.861     0.000    -1.007     0.000    -0.000     1.000     0.002     0.000
  38.782944   4.443521     46.806     0.000     1.634    -0.000     0.000     1.000     0.001     0.000
  33.468255   4.020113     67.625     0.002     2.361    -0.000     0.000     1.000     0.020     0.001
  33.974602   4.021523     59.059     0.002     2.062    -0.000     0.000     1.000     0.026     0.001
  34.480950   4.022619     46.411     0.002     1.620    -0.000     0.000     1.000     0.025     0.001
  34.987299   4.023402      8.855     0.001     0.309     0.000     0.000     1.000     0.009     0.000
  35.493650   4.023872     25.248     0.001     0.881     0.000     0.000     1.000     0.019     0.001
  36.000000   4.024028     14.247     0.002     0.497     0.000     0.000     1.000     0.030     0.001
  36.506351   4.023872    -40.434     0.004    -1.411     0.000    -0.000     1.000     0.053     0.001
  37.012701   4.023402    -32.961     0.001    -1.151     0.000    -0.000     1.000     0.020     0.001
  37.519051   4.022619    -31.580     0.000    -1.102     0.000    -0.000     1.000     0.005     0.000
  32.706287   3.593685     61.329     0.006     2.141    -0.000     0.000     1.000     0.074     0.002
  33.213009   3.595370     69.449     0.005     2.424    -0.000     0.000     1.000     0.070     0.002
  33.719732   3.596773     75.117     0.005     2.622    -0.000     0.000     1.000     0.069     0.002
  34.226457   3.597896     55.733     0.003     1.945    -0.000     0.000     1.000     0.033     0.001
  34.733183   3.598738     22.948     0.000     0.801     0.000     0.000     1.000     0.006     0.000
  35.239910   3.599300     68.320     0.003     2.385    -0.000     0.000     1.000     0.036     0.001
  35.746637   3.599581     82.970     0.001     2.896    -0.000     0.000     1.000     0.016     0.000
  36.253364   3.599581    -60.465     0.003    -2.111    -0.000    -0.000     1.000     0.044     0.001
  36.760091   3.599300    -72.987     0.001    -2.548    -0.000    -0.000     1.000     0.017     0.000
  37.266818   3.598738    -86.360     0.000    -3.015    -0.000    -0.000     1.000     0.006     0.000
  31.943047   3.167537     72.915     0.003     2.545    -0.000     0.000     1.000     0.036     0.001
  32.450162   3.169398     68.897     0.010     2.405    -0.000     0.000     1.000     0.130     0.003
  32.957278   3.171010     64.365     0.010     2.247    -0.000     0.000     1.000     0.133     0.004
  33.464397   3.172375     79.613     0.008     2.779    -0.000     0.000     1.000     0.108     0.003
  33.971516   3.173492    -88.259     0.004    -3.081    -0.000    -0.000     1.000     0.057     0.002
  34.478636   3.174361     83.915     0.003     2.929    -0.000     0.000     1.000     0.036     0.001
  34.985757   3.174981     84.876     0.004     2.963    -0.000     0.000     1.000     0.046     0.001
  35.492879   3.175354     85.686     0.007     2.991    -0.000     0.000     1.000     0.095     0.003
  36.000000   3.175478    -76.718     0.004    -2.678    -0.000    -0.000     1.000     0.050     0.001
  36.507122   3.175354    -83.046     0.002    -2.899    -0.000    -0.000     1.000     0.024     0.001
  37.014243   3.174981    -88.567     0.002    -3.092    -0.000    -0.000     1.000     0.023     0.001
  32.193508   2.745521     85.578     0.005     2.987    -0.000     0.000     1.000     0.065     0.002
  32.701038   2.747029    -86.482     0.007    -3.019    -0.000    -0.000     1.000     0.094     0.003
  33.208568   2.748322    -87.257     0.004    -3.046    -0.000    -0.000     1.000     0.057     0.002
  33.716100   2.749399    -58.205     0.004    -2.032    -0.000    -0.000     1.000     0.046     0.001
  34.223633   2.750261    -88.785     0.002    -3.099    -0.000    -0.000     1.000     0.023     0.001
  34.731166   2.750908    -83.749     0.002    -2.923    -0.000    -0.000     1.000     0.028     0.001
  35.238699   2.751339    -82.438     0.005    -2.878    -0.000    -0.000     1.000     0.066     0.002
  35.746233   2.751555     87.926     0.005     3.069    -0.000     0.000     1.000     0.066     0.002
  36.253767   2.751555     81.889     0.001     2.858    -0.000     0.000     1.000     0.008     0.000
  36.761301   2.751339     57.043     0.000     1.991    -0.000     0.000     1.000     0.003     0.000
  31.428341   2.320496    -75.443     0.001    -2.633    -0.000    -0.000     1.000     0.015     0.000
  31.936301   2.322049    -71.673     0.001    -2.502    -0.000    -0.000     1.000     0.014     0.000
  32.444261   2.323418    -47.489     0.003    -1.658    -0.000    -0.000     1.000     0.034     0.001
  32.952222   2.324606    -39.605     0.005    -1.382     0.000    -0.000     1.000     0.065     0.002
  33.460184   2.325610     86.568     0.003     3.022    -0.000     0.000     1.000     0.040     0.001
  33.968146   2.326433     81.235     0.004     2.836    -0.000     0.000     1.000     0.055     0.001
  34.476109   2.327072     86.308     0.006     3.013    -0.000     0.000     1.000     0.072     0.002
  34.984073   2.327529    -79.043     0.005    -2.759    -0.000    -0.000     1.000     0.060     0.002
  35.492036   2.327803     87.450     0.005     3.053    -0.000     0.000     1.000     0.062     0.002
  36.000000   2.327895     74.125     0.003     2.587    -0.000     0.000     1.000     0.035     0.001
  36.507964   2.327803     23.993     0.001     0.838     0.000     0.000     1.000     0.009     0.000
  31.170106   1.897628    -75.670     0.002    -2.641    -0.000    -0.000     1.000     0.022     0.001
  31.678514   1.898975    -75.717     0.005    -2.643    -0.000    -0.000     1.000     0.061     0.002
  32.186922   1.900173    -69.550     0.003    -2.428    -0.000    -0.000     1.000     0.039     0.001
  32.695331   1.901221    -70.715     0.002    -2.468    -0.000    -0.000     1.000     0.028     0.001
  33.203741   1.902119     62.794     0.002     2.192    -0.000     0.000     1.000     0.033     0.001
  33.712151   1.902868     55.994     0.004     1.955    -0.000     0.000     1.000     0.046     0.001
  34.220562   1.903468     73.784     0.006     2.576    -0.000     0.000     1.000     0.074     0.002
  34.728972   1.903917     77.866     0.007     2.718    -0.000     0.000     1.000     0.097     0.003
  35.237383   1.904217    -86.624     0.003    -3.024    -0.000    -0.000     1.000     0.038     0.001
  35.745795   1.904367     74.017     0.005     2.584    -0.000     0.000     1.000     0.071     0.002
  36.254206   1.904367     57.920     0.001     2.022    -0.000     0.000     1.000     0.018     0.000
  36.762617   1.904217     22.015     0.000     0.768     0.000     0.000     1.000     0.003     0.000
  30.911249   1.475186    -45.745     0.000    -1.597    -0.000    -0.000     1.000     0.002     0.000
  31.420123   1.476294    -78.455     0.002    -2.739    -0.000    -0.000     1.000     0.026     0.001
  31.928997   1.477286    -73.256     0.005    -2.557    -0.000    -0.000     1.000     0.068     0.002
  32.437871   1.478161    -80.556     0.003    -2.812    -0.000    -0.000     1.000     0.046     0.001
  32.946746   1.478919     63.785     0.005     2.227    -0.000     0.000     1.000     0.071     0.002
  33.455621   1.479561     48.183     0.008     1.682    -0.000     0.000     1.000     0.108     0.003
  33.964497   1.480087     68.061     0.005     2.376    -0.000     0.000     1.000     0.063     0.002
  34.473373   1.480495     71.922     0.005     2.511    -0.000     0.000     1.000     0.062     0.002
  34.982248   1.480787     84.653     0.002     2.955    -0.000     0.000     1.000     0.024     0.001
  35.491124   1.480962     80.924     0.002     2.825    -0.000     0.000     1.000     0.024     0.001
  36.000000   1.481021     70.327     0.006     2.455    -0.000     0.000     1.000     0.076     0.002
  36.508876   1.480962     67.435     0.001     2.354    -0.000     0.000     1.000     0.013     0.000
  31.161103   1.054000     88.103     0.001     3.075    -0.000     0.000     1.000     0.007     0.000
  31.670460   1.054751     79.192     0.004     2.764    -0.000     0.000     1.000     0.059     0.002
  32.179817   1.055419     85.753     0.005     2.993    -0.000     0.000     1.000     0.068     0.002
  32.689174   1.056004     64.352     0.005     2.246    -0.000     0.000     1.000     0.066     0.002
  33.198532   1.056505     45.386     0.011     1.584    -0.000     0.000     1.000     0.140     0.004
  33.707890   1.056923     62.105     0.006     2.168    -0.000     0.000     1.000     0.074     0.002
  34.217247   1.057257     89.941     0.004     3.140    -0.000     0.000     1.000     0.055     0.001
  34.726605   1.057508    -77.187     0.001    -2.694    -0.000    -0.000     1.000     0.018     0.000
  35.235963   1.057675    -58.281     0.003    -2.034    -0.000    -0.000     1.000     0.040     0.001
  35.745321   1.057759     77.241     0.004     2.696    -0.000     0.000     1.000     0.053     0.001
  36.254679   1.057759     72.047     0.005     2.515    -0.000     0.000     1.000     0.061     0.002
  36.764037   1.057675     71.275     0.001     2.488    -0.000     0.000     1.000     0.010     0.000
  31.411287   0.632564    -87.374     0.008    -3.050    -0.000    -0.000     1.000     0.107     0.003
  31.921144   0.632991     86.500     0.011     3.019    -0.000     0.000     1.000     0.142     0.004
  32.431001   0.633367     71.428     0.006     2.493    -0.000     0.000     1.000     0.084     0.002
  32.940858   0.633694     52.687     0.009     1.839    -0.000     0.000     1.000     0.123     0.003
  33.450715   0.633970     52.787     0.007     1.843    -0.000     0.000     1.000     0.087     0.002
  33.960572   0.634196     74.668     0.004     2.606    -0.000     0.000     1.000     0.057     0.002
  34.470429   0.634372     78.880     0.003     2.753    -0.000     0.000     1.000     0.037     0.001
  34.980286   0.634498    -26.752     0.001    -0.934     0.000    -0.000     1.000     0.018     0.000
  35.490143   0.634573    -41.495     0.004    -1.448     0.000    -0.000     1.000     0.047     0.001
  36.000000   0.634598     84.820     0.001     2.961    -0.000     0.000     1.000     0.011     0.000
  36.509857   0.634573     75.521     0.001     2.636    -0.000     0.000     1.000     0.008     0.000
  30.641079   0.210551    -59.429     0.001    -2.074    -0.000    -0.000     1.000     0.015     0.000
  31.151453   0.210719    -76.373     0.002    -2.666    -0.000    -0.000     1.000     0.024     0.001
  31.661826   0.210870    -80.327     0.006    -2.804    -0.000    -0.000     1.000     0.082     0.002
  32.172200   0.211004     89.472     0.007     3.123    -0.000     0.000     1.000     0.097     0.003
  32.682573   0.211121     53.362     0.012     1.863    -0.000     0.000     1.000     0.151     0.004
  33.192946   0.211222     67.056     0.006     2.341    -0.000     0.000     1.000     0.076     0.002
  33.703320   0.211306     77.481     0.003     2.705    -0.000     0.000     1.000     0.040     0.001
  34.213693   0.211373     82.934     0.002     2.895    -0.000     0.000     1.000     0.023     0.001
  34.724067   0.211423     36.163     0.001     1.262     0.000     0.000     1.000     0.010     0.000
  35.234440   0.211457    -16.069     0.003    -0.561     0.000    -0.000     1.000     0.038     0.001
  35.744814   0.211473    -23.285     0.004    -0.813     0.000    -0.000     1.000     0.056     0.002
  36.255187   0.211473    -33.658     0.000    -1.175     0.000    -0.000     1.000     0.006     0.000
  36.765560   0.211457    -69.209     0.000    -2.416    -0.000    -0.000     1.000     0.005     0.000
  30.890926  -0.210353    -56.026     0.001    -1.956    -0.000    -0.000     1.000     0.013     0.000
  31.401834  -0.210512    -76.631     0.001    -2.675    -0.000    -0.000     1.000     0.007     0.000
  31.912741  -0.210655    -83.456     0.001    -2.913    -0.000    -0.000     1.000     0.014     0.000
  32.423648  -0.210781     57.749     0.003     2.016    -0.000     0.000     1.000     0.038     0.001
  32.934556  -0.210890     60.150     0.002     2.100    -0.000     0.000     1.000     0.032     0.001
  33.445463  -0.210982     78.111     0.001     2.727    -0.000     0.000     1.000     0.012     0.000
  33.956371  -0.211058    -83.492     0.000    -2.914    -0.000    -0.000     1.000     0.006     0.000
  34.467278  -0.211116     88.631     0.000     3.094    -0.000     0.000     1.000     0.001     0.000
  34.978185  -0.211158      6.976     0.000     0.244     0.000     0.000     1.000     0.005     0.000
  35.489093  -0.211184    -21.370     0.002    -0.746     0.000    -0.000     1.000     0.020     0.001
  36.000000  -0.211192    -10.518     0.001    -0.367     0.000    -0.000     1.000     0.008     0.000
  36.510908  -0.211184    -21.346     0.000    -0.745     0.000    -0.000     1.000     0.001     0.000
  31.652613  -0.630231      0.271     0.000     0.009     0.000     0.000     1.000     0.002     0.000
  32.164070  -0.630634     37.935     0.000     1.324     0.000     0.000     1.000     0.004     0.000
  32.675527  -0.630986     53.425     0.000     1.865    -0.000     0.000     1.000     0.006     0.000
  33.186984  -0.631288     67.364     0.000     2.351    -0.000     0.000     1.000     0.006     0.000
  33.698442  -0.631540     76.159     0.000     2.658    -0.000     0.000     1.000     0.004     0.000
  35.232814  -0.631993     35.119     0.000     1.226     0.000     0.000     1.000     0.005     0.000
  35.744272  -0.632044     24.209     0.001     0.845     0.000     0.000     1.000     0.009     0.000
  36.255729  -0.632044     30.187     0.001     1.054     0.000     0.000     1.000     0.008     0.000
