  43.169953  24.236189    -65.349     0.001    -2.281    -0.000    -0.000     1.000     0.029     0.001
  43.681086  24.211263    -72.529     0.001    -2.532    -0.000    -0.000     1.000     0.023     0.001
  44.192012  24.184632    -78.306     0.001    -2.733    -0.000    -0.000     1.000     0.020     0.001
  42.904317  23.778637    -60.423     0.002    -2.109    -0.000    -0.000     1.000     0.045     0.001
  43.414846  23.754984    -62.216     0.003    -2.172    -0.000    -0.000     1.000     0.065     0.002
  43.925182  23.729654    -71.234     0.002    -2.487    -0.000    -0.000     1.000     0.051     0.002
  44.435314  23.702650    -77.500     0.002    -2.705    -0.000    -0.000     1.000     0.049     0.002
  44.945228  23.673975    -79.129     0.002    -2.762    -0.000    -0.000     1.000     0.047     0.002
  45.454912  23.643632    -78.920     0.001    -2.755    -0.000    -0.000     1.000     0.032     0.001
  45.964353  23.611624    -78.897     0.000    -2.754    -0.000    -0.000     1.000     0.006     0.000
  43.149750  23.299608    -53.810     0.001    -1.878    -0.000    -0.000     1.000     0.023     0.001
  43.659519  23.275550    -51.007     0.002    -1.780    -0.000    -0.000     1.000     0.046     0.001
  44.169098  23.249846    -52.700     0.001    -1.840    -0.000    -0.000     1.000     0.030     0.001
  44.678475  23.222499    -72.423     0.001    -2.528    -0.000    -0.000     1.000     0.015     0.000
  45.187637  23.193512    -77.966     0.001    -2.722    -0.000    -0.000     1.000     0.018     0.001
  45.696572  23.162888    -78.498     0.000    -2.740    -0.000    -0.000     1.000     0.006     0.000
  42.885743  22.845127    -40.757     0.000    -1.423     0.000    -0.000     1.000     0.002     0.000
  43.394969  22.822312    -13.939     0.000    -0.487     0.000    -0.000     1.000     0.002     0.000
  43.904017  22.797879     22.042     0.000     0.769     0.000     0.000     1.000     0.011     0.000
  44.412877  22.771832     26.254     0.001     0.916     0.000     0.000     1.000     0.021     0.001
  42.113919  22.411543    -36.026     0.000    -1.258     0.000    -0.000     1.000     0.001     0.000
  42.622774  22.391533      6.333     0.000     0.221     0.000     0.000     1.000     0.001     0.000
  43.131478  22.369931     39.501     0.000     1.379     0.000     0.000     1.000     0.010     0.000
  43.640017  22.346741     38.994     0.002     1.361     0.000     0.000     1.000     0.045     0.001
  44.148382  22.321963     32.403     0.002     1.131     0.000     0.000     1.000     0.045     0.001
  40.835380  21.990685    -26.322     0.000    -0.919     0.000    -0.000     1.000     0.000     0.000
  41.343972  21.974962    -28.494     0.000    -0.995     0.000    -0.000     1.000     0.001     0.000
  41.852446  21.957672    -31.748     0.000    -1.108     0.000    -0.000     1.000     0.002     0.000
  42.360790  21.938817     38.871     0.000     1.357     0.000     0.000     1.000     0.002     0.000
  42.868995  21.918400     42.890     0.001     1.497     0.000     0.000     1.000     0.017     0.001
  43.377047  21.896422     40.856     0.002     1.426     0.000     0.000     1.000     0.049     0.002
  43.884938  21.872886     30.373     0.001     1.060     0.000     0.000     1.000     0.036     0.001
  44.392655  21.847794     29.232     0.001     1.020     0.000     0.000     1.000     0.013     0.000
  40.067648  21.548664    -26.036     0.000    -0.909     0.000    -0.000     1.000     0.000     0.000
  40.575828  21.535547    -25.911     0.000    -0.904     0.000    -0.000     1.000     0.001     0.000
  41.083910  21.520892    -26.086     0.000    -0.911     0.000    -0.000     1.000     0.001     0.000
  41.591885  21.504700    -29.319     0.000    -1.023     0.000    -0.000     1.000     0.001     0.000
  42.607469  21.467710     42.937     0.001     1.499     0.000     0.000     1.000     0.023     0.001
  43.115056  21.446916     41.090     0.002     1.434     0.000     0.000     1.000     0.038     0.001
  43.622494  21.424592     27.592     0.001     0.963     0.000     0.000     1.000     0.028     0.001
  44.129771  21.400740     22.910     0.000     0.800     0.000     0.000     1.000     0.010     0.000
  40.317089  21.081358    -26.048     0.000    -0.909     0.000    -0.000     1.000     0.000     0.000
  40.824686  21.067742    -25.806     0.000    -0.901     0.000    -0.000     1.000     0.000     0.000
  42.853995  20.998211     37.169     0.001     1.297     0.000     0.000     1.000     0.014     0.000
  43.361001  20.977071     24.729     0.001     0.863     0.000     0.000     1.000     0.022     0.001
  43.867858  20.954431     20.772     0.000     0.725     0.000     0.000     1.000     0.012     0.000
  43.100410  20.530313     21.761     0.001     0.760     0.000     0.000     1.000     0.018     0.001
  43.606868  20.508856     20.854     0.001     0.728     0.000     0.000     1.000     0.016     0.001
  42.840674  20.084311     21.296     0.001     0.743     0.000     0.000     1.000     0.017     0.001
  43.346753  20.064007     21.257     0.001     0.742     0.000     0.000     1.000     0.019     0.001
  42.581746  19.639054     21.478     0.001     0.750     0.000     0.000     1.000     0.013     0.000
  43.087468  19.619875     21.549     0.001     0.752     0.000     0.000     1.000     0.022     0.001
  42.323581  19.194532     21.468     0.000     0.749     0.000     0.000     1.000     0.010     0.000
  42.828966  19.176448     21.562     0.001     0.753     0.000     0.000     1.000     0.022     0.001
  42.066134  18.750735     21.410     0.000     0.747     0.000     0.000     1.000     0.007     0.000
  42.571202  18.733718     21.479     0.001     0.750     0.000     0.000     1.000     0.021     0.001
  43.076165  18.715347     21.541     0.000     0.752     0.000     0.000     1.000     0.007     0.000
  54.143068  17.973443     80.722     0.003     2.818    -0.000     0.000     1.000     0.078     0.003
  54.643521  17.924655    -66.130     0.001    -2.308    -0.000    -0.000     1.000     0.033     0.001
  42.314134  18.291673     21.409     0.001     0.747     0.000     0.000     1.000     0.016     0.001
  42.818809  18.274368     21.481     0.000     0.750     0.000     0.000     1.000     0.008     0.000
  50.874389  17.818981     60.233     0.000     2.103    -0.000     0.000     1.000     0.005     0.000
  51.376297  17.779496    -89.437     0.000    -3.122    -0.000    -0.000     1.000     0.007     0.000
  51.877978  17.738733    -83.469     0.000    -2.914    -0.000    -0.000     1.000     0.002     0.000
  52.379428  17.696696      0.700     0.002     0.024     0.000     0.000     1.000     0.040     0.001
  52.880640  17.653388    -46.566     0.000    -1.625    -0.000    -0.000     1.000     0.009     0.000
  53.381607  17.608814     83.544     0.009     2.916    -0.000     0.000     1.000     0.236     0.008
  53.882324  17.562978     79.292     0.023     2.768    -0.001     0.000     1.000     0.581     0.019
  54.382783  17.515884     88.169     0.021     3.078    -0.001     0.000     1.000     0.537     0.017
  54.882979  17.467535    -71.645     0.010    -2.501    -0.000    -0.000     1.000     0.243     0.008
  49.108145  17.505474      9.170     0.001     0.320     0.000     0.000     1.000     0.016     0.001
  49.610573  17.471274     27.841     0.003     0.972     0.000     0.000     1.000     0.084     0.003
  50.112810  17.435813     33.308     0.006     1.163     0.000     0.000     1.000     0.142     0.005
  50.614848  17.399095     37.032     0.002     1.293     0.000     0.000     1.000     0.044     0.001
  51.116680  17.361121     67.258     0.001     2.348    -0.000     0.000     1.000     0.020     0.001
  51.618302  17.321896    -71.907     0.001    -2.510    -0.000    -0.000     1.000     0.030     0.001
  52.119706  17.281424    -32.540     0.002    -1.136     0.000    -0.000     1.000     0.038     0.001
  52.620886  17.239707    -12.961     0.003    -0.452     0.000    -0.000     1.000     0.081     0.003
  53.121836  17.196750     85.027     0.008     2.968    -0.000     0.000     1.000     0.196     0.006
  53.622551  17.152556     79.284     0.045     2.768    -0.001     0.000     1.000     1.132     0.036
  54.123024  17.107130     80.759     0.071     2.819    -0.002     0.001     1.000     1.776     0.057
  54.623249  17.060476    -83.524     0.037    -2.916    -0.001    -0.000     1.000     0.925     0.030
  55.123222  17.012597    -73.290     0.008    -2.558    -0.000    -0.000     1.000     0.202     0.006
  47.844585  17.143362    -34.153     0.000    -1.192     0.000    -0.000     1.000     0.008     0.000
  48.347251  17.113043    -31.349     0.001    -1.094     0.000    -0.000     1.000     0.016     0.001
  48.849751  17.081483    -14.573     0.001    -0.509     0.000    -0.000     1.000     0.028     0.001
  49.352078  17.048687     24.140     0.004     0.843     0.000     0.000     1.000     0.100     0.003
  49.854224  17.014657     34.553     0.011     1.206     0.000     0.000     1.000     0.273     0.009
  50.356185  16.979396     41.709     0.005     1.456     0.000     0.000     1.000     0.128     0.004
  50.857954  16.942908     26.545     0.003     0.927     0.000     0.000     1.000     0.066     0.002
  51.359526  16.905195    -13.482     0.002    -0.471     0.000    -0.000     1.000     0.054     0.002
  51.860893  16.866260    -35.830     0.003    -1.251     0.000    -0.000     1.000     0.084     0.003
  52.362050  16.826108     -5.725     0.007    -0.200     0.000    -0.000     1.000     0.185     0.006
  52.862992  16.784742     -6.927     0.005    -0.242     0.000    -0.000     1.000     0.135     0.004
  53.363713  16.742166     80.954     0.011     2.826    -0.000     0.000     1.000     0.272     0.009
  53.864206  16.698383     78.091     0.023     2.726    -0.001     0.000     1.000     0.588     0.019
  54.364467  16.653397     85.428     0.018     2.982    -0.000     0.000     1.000     0.449     0.014
  54.864490  16.607213    -79.698     0.006    -2.782    -0.000    -0.000     1.000     0.156     0.005
  46.581659  16.771309    -46.634     0.000    -1.628    -0.000    -0.000     1.000     0.003     0.000
  47.084506  16.744743    -30.611     0.000    -1.069     0.000    -0.000     1.000     0.008     0.000
  47.587210  16.716959    -27.109     0.001    -0.946     0.000    -0.000     1.000     0.018     0.001
  48.089764  16.687961    -30.217     0.001    -1.055     0.000    -0.000     1.000     0.026     0.001
  48.592162  16.657751    -13.195     0.001    -0.461     0.000    -0.000     1.000     0.024     0.001
  49.094399  16.626331     24.769     0.004     0.865     0.000     0.000     1.000     0.098     0.003
  49.596468  16.593705     27.824     0.009     0.971     0.000     0.000     1.000     0.219     0.007
  50.098364  16.559875     17.933     0.003     0.626     0.000     0.000     1.000     0.082     0.003
  50.600080  16.524844      5.036     0.003     0.176     0.000     0.000     1.000     0.076     0.002
  51.101611  16.488616     -9.839     0.004    -0.343     0.000    -0.000     1.000     0.101     0.003
  51.602952  16.451194    -29.580     0.005    -1.033     0.000    -0.000     1.000     0.125     0.004
  52.104096  16.412580     32.881     0.004     1.148     0.000     0.000     1.000     0.091     0.003
  52.605038  16.372779     -5.176     0.006    -0.181     0.000    -0.000     1.000     0.149     0.005
  53.105772  16.331794    -12.801     0.002    -0.447     0.000    -0.000     1.000     0.053     0.002
  53.606294  16.289628     77.797     0.003     2.716    -0.000     0.000     1.000     0.076     0.002
  44.816328  16.411535     16.911     0.000     0.590     0.000     0.000     1.000     0.006     0.000
  45.319420  16.389787      5.638     0.000     0.197     0.000     0.000     1.000     0.001     0.000
  45.822396  16.366843    -26.364     0.000    -0.920     0.000    -0.000     1.000     0.005     0.000
  46.325251  16.342705    -25.181     0.001    -0.879     0.000    -0.000     1.000     0.013     0.000
  46.827978  16.317376    -23.234     0.001    -0.811     0.000    -0.000     1.000     0.022     0.001
  47.330572  16.290858    -23.020     0.001    -0.804     0.000    -0.000     1.000     0.026     0.001
  47.833028  16.263153    -28.359     0.001    -0.990     0.000    -0.000     1.000     0.018     0.001
  48.335338  16.234264    -11.866     0.002    -0.414     0.000    -0.000     1.000     0.042     0.001
  48.837498  16.204194     10.393     0.007     0.363     0.000     0.000     1.000     0.186     0.006
  49.339502  16.172944     18.462     0.013     0.644     0.000     0.000     1.000     0.324     0.010
  49.841344  16.140518     -1.616     0.006    -0.056     0.000    -0.000     1.000     0.160     0.005
  50.343019  16.106919    -12.457     0.006    -0.435     0.000    -0.000     1.000     0.143     0.005
  50.844521  16.072149    -11.979     0.004    -0.418     0.000    -0.000     1.000     0.101     0.003
  51.345845  16.036212    -46.353     0.003    -1.618    -0.000    -0.000     1.000     0.078     0.002
  51.846985  15.999111     59.848     0.007     2.089    -0.000     0.000     1.000     0.177     0.006
  52.347936  15.960848     60.613     0.004     2.116    -0.000     0.000     1.000     0.098     0.003
  52.848693  15.921429     -3.675     0.001    -0.128     0.000    -0.000     1.000     0.022     0.001
  42.548170  16.050616    -51.134     0.001    -1.785    -0.000    -0.000     1.000     0.023     0.001
  43.051498  16.034676    -69.181     0.004    -2.415    -0.000    -0.000     1.000     0.103     0.003
  43.554742  16.017563    -76.297     0.006    -2.663    -0.000    -0.000     1.000     0.139     0.004
  44.057897  15.999277    -82.462     0.003    -2.878    -0.000    -0.000     1.000     0.065     0.002
  44.560958  15.979821      7.917     0.001     0.276     0.000     0.000     1.000     0.022     0.001
  45.063917  15.959196     -0.246     0.002    -0.009     0.000    -0.000     1.000     0.038     0.001
  45.566770  15.937404     -7.177     0.002    -0.251     0.000    -0.000     1.000     0.046     0.001
  46.069511  15.914447     -9.342     0.002    -0.326     0.000    -0.000     1.000     0.057     0.002
  46.572134  15.890328     -8.207     0.003    -0.286     0.000    -0.000     1.000     0.066     0.002
  47.074634  15.865047     -6.998     0.003    -0.244     0.000    -0.000     1.000     0.087     0.003
  47.577004  15.838608     -9.107     0.005    -0.318     0.000    -0.000     1.000     0.123     0.004
  48.079241  15.811013    -12.904     0.007    -0.450     0.000    -0.000     1.000     0.184     0.006
  48.581337  15.782264     -7.716     0.014    -0.269     0.000    -0.000     1.000     0.352     0.011
  49.083289  15.752363      5.412     0.018     0.189     0.000     0.000     1.000     0.458     0.015
  49.585089  15.721314      1.904     0.009     0.066     0.000     0.000     1.000     0.229     0.007
  50.086734  15.689119     -3.882     0.008    -0.135     0.000    -0.000     1.000     0.193     0.006
  50.588218  15.655781    -13.976     0.007    -0.488     0.000    -0.000     1.000     0.163     0.005
  51.089535  15.621303    -87.298     0.007    -3.047    -0.000    -0.000     1.000     0.167     0.005
  51.590681  15.585687     71.634     0.015     2.500    -0.000     0.000     1.000     0.384     0.012
  52.091651  15.548938     71.621     0.011     2.500    -0.000     0.000     1.000     0.267     0.009
  52.592439  15.511058     73.043     0.001     2.550    -0.000     0.000     1.000     0.037     0.001
  41.790667  15.629047    -18.909     0.000    -0.660     0.000    -0.000     1.000     0.011     0.000
  42.293919  15.615232    -26.801     0.002    -0.936     0.000    -0.000     1.000     0.043     0.001
  42.797101  15.600271    -54.397     0.006    -1.899    -0.000    -0.000     1.000     0.155     0.005
  43.300207  15.584165    -71.825     0.021    -2.507    -0.000    -0.000     1.000     0.521     0.017
  43.803231  15.566917    -79.635     0.022    -2.780    -0.001    -0.000     1.000     0.540     0.017
  44.306168  15.548527    -78.052     0.004    -2.725    -0.000    -0.000     1.000     0.106     0.003
  44.809012  15.528997     -4.345     0.005    -0.152     0.000    -0.000     1.000     0.123     0.004
  45.311758  15.508329     -5.049     0.007    -0.176     0.000    -0.000     1.000     0.172     0.006
  45.814401  15.486525     -5.849     0.008    -0.204     0.000    -0.000     1.000     0.205     0.007
  46.316935  15.463586     -5.192     0.009    -0.181     0.000    -0.000     1.000     0.217     0.007
  46.819355  15.439515     -4.821     0.008    -0.168     0.000    -0.000     1.000     0.210     0.007
  47.321656  15.414314     -7.713     0.008    -0.269     0.000    -0.000     1.000     0.198     0.006
  47.823832  15.387985    -14.758     0.008    -0.515     0.000    -0.000     1.000     0.208     0.007
  48.325879  15.360529    -14.996     0.010    -0.523     0.000    -0.000     1.000     0.248     0.008
  48.827790  15.331951    -10.991     0.016    -0.384     0.000    -0.000     1.000     0.403     0.013
  49.329562  15.302251    -12.771     0.012    -0.446     0.000    -0.000     1.000     0.307     0.010
  49.831189  15.271434    -14.800     0.009    -0.517     0.000    -0.000     1.000     0.217     0.007
  50.332665  15.239501    -15.032     0.009    -0.525     0.000    -0.000     1.000     0.217     0.007
  50.833987  15.206455    -24.046     0.003    -0.839     0.000    -0.000     1.000     0.080     0.003
  51.335149  15.172299     76.454     0.006     2.669    -0.000     0.000     1.000     0.156     0.005
  51.836146  15.137036     69.388     0.004     2.422    -0.000     0.000     1.000     0.111     0.004
  52.336974  15.100669     73.358     0.001     2.561    -0.000     0.000     1.000     0.029     0.001
  52.837628  15.063202    -52.414     0.000    -1.830    -0.000    -0.000     1.000     0.002     0.000
  38.517257  15.247135    -51.776     0.001    -1.807    -0.000    -0.000     1.000     0.034     0.001
  39.020649  15.240959    -54.864     0.004    -1.915    -0.000    -0.000     1.000     0.111     0.004
  39.524009  15.233661    -54.744     0.004    -1.911    -0.000    -0.000     1.000     0.102     0.003
  40.027332  15.225242    -32.299     0.003    -1.127     0.000    -0.000     1.000     0.083     0.003
  40.530611  15.215703    -38.597     0.001    -1.347     0.000    -0.000     1.000     0.037     0.001
  41.033842  15.205044    -32.437     0.001    -1.132     0.000    -0.000     1.000     0.023     0.001
  41.537020  15.193267    -24.132     0.001    -0.842     0.000    -0.000     1.000     0.034     0.001
  42.040139  15.180372    -24.109     0.003    -0.842     0.000    -0.000     1.000     0.077     0.002
  42.543193  15.166361    -27.554     0.006    -0.962     0.000    -0.000     1.000     0.159     0.005
  43.046179  15.151235    -43.705     0.011    -1.526     0.000    -0.000     1.000     0.286     0.009
  43.549089  15.134995    -62.318     0.016    -2.175    -0.000    -0.000     1.000     0.401     0.013
  44.051920  15.117642    -66.819     0.012    -2.332    -0.000    -0.000     1.000     0.299     0.010
  44.554666  15.099179    -20.375     0.007    -0.711     0.000    -0.000     1.000     0.175     0.006
  45.057323  15.079606     -8.008     0.008    -0.280     0.000    -0.000     1.000     0.190     0.006
  45.559883  15.058926     -5.326     0.006    -0.186     0.000    -0.000     1.000     0.144     0.005
  46.062344  15.037140     -2.666     0.004    -0.093     0.000    -0.000     1.000     0.099     0.003
  46.564700  15.014251     -6.731     0.003    -0.235     0.000    -0.000     1.000     0.083     0.003
  47.066945  14.990259    -18.327     0.006    -0.640     0.000    -0.000     1.000     0.147     0.005
  47.569075  14.965168    -20.622     0.009    -0.720     0.000    -0.000     1.000     0.219     0.007
  48.071085  14.938979    -17.407     0.009    -0.608     0.000    -0.000     1.000     0.222     0.007
  48.572970  14.911695    -17.212     0.011    -0.601     0.000    -0.000     1.000     0.265     0.008
  49.074725  14.883318    -22.305     0.013    -0.779     0.000    -0.000     1.000     0.322     0.010
  49.576346  14.853851    -23.682     0.008    -0.827     0.000    -0.000     1.000     0.213     0.007
  50.077827  14.823296    -22.831     0.004    -0.797     0.000    -0.000     1.000     0.111     0.004
  50.579164  14.791655    -18.598     0.002    -0.649     0.000    -0.000     1.000     0.047     0.002
  51.080352  14.758932     51.409     0.000     1.795    -0.000     0.000     1.000     0.009     0.000
  51.581388  14.725129     69.585     0.001     2.429    -0.000     0.000     1.000     0.018     0.001
  52.082265  14.690250     62.788     0.000     2.192    -0.000     0.000     1.000     0.004     0.000
  52.582980  14.654297    -24.335     0.000    -0.849     0.000    -0.000     1.000     0.004     0.000
  53.083528  14.617273    -22.453     0.000    -0.784     0.000    -0.000     1.000     0.003     0.000
  38.264822  14.807175    -47.429     0.000    -1.656    -0.000    -0.000     1.000     0.004     0.000
  38.768069  14.801711    -46.888     0.002    -1.637    -0.000    -0.000     1.000     0.058     0.002
  39.271288  14.795156    -51.915     0.010    -1.812    -0.000    -0.000     1.000     0.240     0.008
  39.774475  14.787509    -48.497     0.010    -1.693    -0.000    -0.000     1.000     0.258     0.008
  40.277623  14.778772    -44.906     0.009    -1.568     0.000    -0.000     1.000     0.222     0.007
  40.780728  14.768946    -40.704     0.008    -1.421     0.000    -0.000     1.000     0.207     0.007
  41.283786  14.758030    -26.953     0.007    -0.941     0.000    -0.000     1.000     0.165     0.005
  41.786790  14.746026    -21.390     0.006    -0.747     0.000    -0.000     1.000     0.161     0.005
  42.289736  14.732936    -19.526     0.008    -0.682     0.000    -0.000     1.000     0.191     0.006
  42.792620  14.718760    -25.387     0.009    -0.886     0.000    -0.000     1.000     0.216     0.007
  43.295435  14.703499    -25.744     0.008    -0.899     0.000    -0.000     1.000     0.210     0.007
  43.798178  14.687156    -31.857     0.005    -1.112     0.000    -0.000     1.000     0.126     0.004
  44.300843  14.669730    -30.180     0.010    -1.053     0.000    -0.000     1.000     0.260     0.008
  44.803425  14.651224      5.825     0.002     0.203     0.000     0.000     1.000     0.045     0.001
  45.305921  14.631640     20.530     0.001     0.717     0.000     0.000     1.000     0.019     0.001
  45.808324  14.610979    -14.546     0.002    -0.508     0.000    -0.000     1.000     0.055     0.002
  46.310630  14.589242    -22.011     0.006    -0.768     0.000    -0.000     1.000     0.146     0.005
  46.812835  14.566433    -24.090     0.009    -0.841     0.000    -0.000     1.000     0.227     0.007
  47.314933  14.542552    -22.842     0.009    -0.797     0.000    -0.000     1.000     0.213     0.007
  47.816920  14.517602    -21.520     0.007    -0.751     0.000    -0.000     1.000     0.181     0.006
  48.318792  14.491585    -20.797     0.006    -0.726     0.000    -0.000     1.000     0.146     0.005
  48.820543  14.464503    -21.433     0.005    -0.748     0.000    -0.000     1.000     0.116     0.004
  49.322170  14.436358    -25.919     0.004    -0.905     0.000    -0.000     1.000     0.092     0.003
  49.823667  14.407154    -29.294     0.002    -1.023     0.000    -0.000     1.000     0.039     0.001
  50.325031  14.376892    -37.100     0.000    -1.295     0.000    -0.000     1.000     0.009     0.000
  50.826257  14.345575     45.565     0.000     1.591    -0.000     0.000     1.000     0.001     0.000
  51.327340  14.313206     35.832     0.000     1.251     0.000     0.000     1.000     0.008     0.000
  51.828276  14.279788     25.925     0.000     0.905     0.000     0.000     1.000     0.007     0.000
  52.329062  14.245323      9.756     0.000     0.341     0.000     0.000     1.000     0.002     0.000
  52.829692  14.209814     -5.582     0.000    -0.195     0.000    -0.000     1.000     0.003     0.000
  53.330163  14.173264     -1.803     0.000    -0.063     0.000    -0.000     1.000     0.008     0.000
  53.830470  14.135678     -0.156     0.001    -0.005     0.000    -0.000     1.000     0.016     0.001
  38.515762  14.363145    -25.814     0.000    -0.901     0.000    -0.000     1.000     0.007     0.000
  39.018862  14.357302    -31.884     0.003    -1.113     0.000    -0.000     1.000     0.067     0.002
  39.521933  14.350398    -38.022     0.007    -1.327     0.000    -0.000     1.000     0.165     0.005
  40.024970  14.342434    -46.565     0.015    -1.625    -0.000    -0.000     1.000     0.371     0.012
  40.527970  14.333409    -46.796     0.024    -1.633    -0.000    -0.001     1.000     0.595     0.019
  41.030927  14.323326    -37.568     0.021    -1.311     0.000    -0.000     1.000     0.517     0.017
  41.533836  14.312184    -29.587     0.012    -1.033     0.000    -0.000     1.000     0.299     0.010
  42.036693  14.299985    -19.531     0.007    -0.682     0.000    -0.000     1.000     0.187     0.006
  42.539493  14.286730    -25.330     0.006    -0.884     0.000    -0.000     1.000     0.138     0.004
  43.042231  14.272420    -25.326     0.008    -0.884     0.000    -0.000     1.000     0.207     0.007
  43.544903  14.257056    -11.543     0.005    -0.403     0.000    -0.000     1.000     0.132     0.004
  44.047504  14.240639    -24.425     0.006    -0.853     0.000    -0.000     1.000     0.155     0.005
  44.550030  14.223172     -7.099     0.005    -0.248     0.000    -0.000     1.000     0.132     0.004
  45.052476  14.204655     -1.037     0.004    -0.036     0.000    -0.000     1.000     0.105     0.003
  45.554837  14.185090    -18.089     0.006    -0.631     0.000    -0.000     1.000     0.144     0.005
  46.057110  14.164479    -24.505     0.008    -0.855     0.000    -0.000     1.000     0.204     0.007
  46.559288  14.142823    -26.229     0.008    -0.916     0.000    -0.000     1.000     0.193     0.006
  47.061369  14.120124    -25.339     0.006    -0.884     0.000    -0.000     1.000     0.159     0.005
  47.563348  14.096385    -24.851     0.005    -0.867     0.000    -0.000     1.000     0.124     0.004
  48.065220  14.071607    -23.407     0.003    -0.817     0.000    -0.000     1.000     0.068     0.002
  48.566980  14.045793    -24.261     0.002    -0.847     0.000    -0.000     1.000     0.038     0.001
  49.068626  14.018944    -27.203     0.001    -0.950     0.000    -0.000     1.000     0.020     0.001
  49.570151  13.991064    -36.524     0.000    -1.275     0.000    -0.000     1.000     0.007     0.000
  50.071553  13.962153     89.181     0.000     3.113    -0.000     0.000     1.000     0.004     0.000
  50.572827  13.932216     86.175     0.000     3.008    -0.000     0.000     1.000     0.004     0.000
  51.073969  13.901254    -80.387     0.000    -2.806    -0.000    -0.000     1.000     0.002     0.000
  51.574974  13.869270     44.545     0.000     1.555     0.000     0.000     1.000     0.001     0.000
  52.075839  13.836267     35.165     0.000     1.227     0.000     0.000     1.000     0.008     0.000
  52.576560  13.802247     23.480     0.000     0.820     0.000     0.000     1.000     0.009     0.000
  53.077133  13.767214      0.941     0.001     0.033     0.000     0.000     1.000     0.014     0.000
  53.577553  13.731170     -2.227     0.001    -0.078     0.000    -0.000     1.000     0.024     0.001
  54.077818  13.694119     -2.331     0.001    -0.081     0.000    -0.000     1.000     0.029     0.001
  36.754584  13.934540     16.221     0.001     0.566     0.000     0.000     1.000     0.030     0.001
  37.257633  13.932475     -9.605     0.001    -0.335     0.000    -0.000     1.000     0.017     0.001
  38.766693  13.920090    -28.104     0.001    -0.981     0.000    -0.000     1.000     0.036     0.001
  39.269670  13.913898    -23.315     0.004    -0.814     0.000    -0.000     1.000     0.088     0.003
  39.772617  13.906677    -63.669     0.002    -2.222    -0.000    -0.000     1.000     0.060     0.002
  40.275531  13.898425    -51.928     0.020    -1.813    -0.000    -0.000     1.000     0.511     0.016
  40.778407  13.889144    -50.520     0.033    -1.763    -0.000    -0.001     1.000     0.828     0.027
  41.281240  13.878835    -52.006     0.024    -1.815    -0.000    -0.001     1.000     0.605     0.019
  41.784026  13.867498    -43.512     0.008    -1.519     0.000    -0.000     1.000     0.196     0.006
  42.286761  13.855134    -27.889     0.004    -0.974     0.000    -0.000     1.000     0.107     0.003
  42.789441  13.841746    -32.478     0.010    -1.134     0.000    -0.000     1.000     0.260     0.008
  43.292060  13.827332    -27.216     0.011    -0.950     0.000    -0.000     1.000     0.263     0.008
  43.794614  13.811896    -37.867     0.003    -1.322     0.000    -0.000     1.000     0.075     0.002
  44.297100  13.795438     -8.669     0.003    -0.303     0.000    -0.000     1.000     0.087     0.003
  44.799513  13.777960    -10.729     0.010    -0.374     0.000    -0.000     1.000     0.254     0.008
  45.301849  13.759462    -22.300     0.007    -0.778     0.000    -0.000     1.000     0.180     0.006
  45.804103  13.739948    -28.512     0.007    -0.995     0.000    -0.000     1.000     0.166     0.005
  46.306271  13.719417    -29.212     0.006    -1.020     0.000    -0.000     1.000     0.148     0.005
  46.808349  13.697873    -27.920     0.004    -0.975     0.000    -0.000     1.000     0.111     0.004
  47.310333  13.675317    -26.434     0.002    -0.923     0.000    -0.000     1.000     0.060     0.002
  47.812218  13.651751    -26.147     0.001    -0.913     0.000    -0.000     1.000     0.031     0.001
  48.314002  13.627177    -29.029     0.000    -1.013     0.000    -0.000     1.000     0.012     0.000
  48.815678  13.601596    -35.158     0.000    -1.227     0.000    -0.000     1.000     0.004     0.000
  50.821240  13.489260    -83.493     0.000    -2.914    -0.000    -0.000     1.000     0.001     0.000
  51.322325  13.458684    -68.087     0.000    -2.377    -0.000    -0.000     1.000     0.002     0.000
  51.823280  13.427117    -68.173     0.000    -2.380    -0.000    -0.000     1.000     0.001     0.000
  52.324101  13.394560     14.451     0.000     0.504     0.000     0.000     1.000     0.007     0.000
  52.824784  13.361017     10.617     0.001     0.371     0.000     0.000     1.000     0.018     0.001
  53.325326  13.326491    -79.938     0.001    -2.790    -0.000    -0.000     1.000     0.033     0.001
  53.825723  13.290984    -86.087     0.004    -3.005    -0.000    -0.000     1.000     0.105     0.003
  54.325972  13.254500    -89.162     0.003    -3.112    -0.000    -0.000     1.000     0.085     0.003
  36.502966  13.495529     24.831     0.004     0.867     0.000     0.000     1.000     0.098     0.003
  37.005928  13.494026     11.602     0.006     0.405     0.000     0.000     1.000     0.139     0.004
  37.508882  13.491521    -40.850     0.002    -1.426     0.000    -0.000     1.000     0.044     0.001
  38.011823  13.488015    -48.434     0.001    -1.691    -0.000    -0.000     1.000     0.026     0.001
  38.514747  13.483507    -30.756     0.002    -1.074     0.000    -0.000     1.000     0.038     0.001
  39.017650  13.477999    -29.719     0.006    -1.037     0.000    -0.000     1.000     0.152     0.005
  39.520527  13.471490     55.296     0.003     1.930    -0.000     0.000     1.000     0.080     0.003
  40.023375  13.463981    -55.428     0.008    -1.935    -0.000    -0.000     1.000     0.205     0.007
  40.526190  13.455473    -51.577     0.019    -1.800    -0.000    -0.000     1.000     0.476     0.015
  41.028966  13.445967    -76.862     0.025    -2.683    -0.001    -0.000     1.000     0.631     0.020
  41.531701  13.435463    -84.879     0.023    -2.963    -0.001    -0.000     1.000     0.583     0.019
  42.034390  13.423962    -47.466     0.007    -1.657    -0.000    -0.000     1.000     0.169     0.005
  42.537028  13.411465    -33.449     0.014    -1.168     0.000    -0.000     1.000     0.362     0.012
  43.039612  13.397974    -27.211     0.012    -0.950     0.000    -0.000     1.000     0.292     0.009
  43.542137  13.383489    -17.166     0.004    -0.599     0.000    -0.000     1.000     0.094     0.003
  44.044600  13.368011    -19.784     0.003    -0.691     0.000    -0.000     1.000     0.083     0.003
  44.546997  13.351543    -23.826     0.011    -0.832     0.000    -0.000     1.000     0.275     0.009
  45.049323  13.334084    -23.109     0.012    -0.807     0.000    -0.000     1.000     0.298     0.010
  45.551574  13.315638    -29.528     0.007    -1.031     0.000    -0.000     1.000     0.165     0.005
  46.053746  13.296205    -30.524     0.004    -1.065     0.000    -0.000     1.000     0.112     0.004
  46.555837  13.275787    -29.155     0.002    -1.018     0.000    -0.000     1.000     0.060     0.002
  47.057840  13.254386    -27.736     0.001    -0.968     0.000    -0.000     1.000     0.026     0.001
  47.559753  13.232004    -28.922     0.000    -1.010     0.000    -0.000     1.000     0.011     0.000
  48.061572  13.208642    -29.472     0.000    -1.029     0.000    -0.000     1.000     0.003     0.000
  52.072281  12.986740     -1.081     0.000    -0.038     0.000    -0.000     1.000     0.006     0.000
  52.573084  12.954661     -0.597     0.001    -0.021     0.000    -0.000     1.000     0.017     0.001
  53.073756  12.921626    -87.532     0.004    -3.055    -0.000    -0.000     1.000     0.097     0.003
  53.574293  12.887638    -87.295     0.030    -3.047    -0.001    -0.000     1.000     0.763     0.025
  54.074693  12.852700     89.511     0.041     3.125    -0.001     0.000     1.000     1.029     0.033
  54.574952  12.816814     88.429     0.012     3.087    -0.000     0.000     1.000     0.303     0.010
  36.251450  13.057259     32.833     0.005     1.146     0.000     0.000     1.000     0.127     0.004
  36.754347  13.056287     25.840     0.008     0.902     0.000     0.000     1.000     0.210     0.007
  37.257238  13.054344      3.219     0.002     0.112     0.000     0.000     1.000     0.054     0.002
  37.760120  13.051430      4.944     0.001     0.173     0.000     0.000     1.000     0.022     0.001
  38.262987  13.047545      2.282     0.002     0.080     0.000     0.000     1.000     0.049     0.002
  38.765837  13.042690      1.350     0.003     0.047     0.000     0.000     1.000     0.073     0.002
  39.268665  13.036864     13.685     0.007     0.478     0.000     0.000     1.000     0.182     0.006
  39.771467  13.030068     18.449     0.005     0.644     0.000     0.000     1.000     0.119     0.004
  40.274240  13.022304    -33.968     0.012    -1.186     0.000    -0.000     1.000     0.297     0.010
  40.776979  13.013570    -35.276     0.015    -1.231     0.000    -0.000     1.000     0.370     0.012
  41.279681  13.003869    -13.550     0.005    -0.473     0.000    -0.000     1.000     0.116     0.004
  41.782342  12.993202    -40.676     0.007    -1.420     0.000    -0.000     1.000     0.167     0.005
  42.284958  12.981568    -42.811     0.014    -1.494     0.000    -0.000     1.000     0.345     0.011
  42.787524  12.968969    -41.377     0.007    -1.444     0.000    -0.000     1.000     0.181     0.006
  43.290038  12.955406    -33.518     0.002    -1.170     0.000    -0.000     1.000     0.055     0.002
  43.792495  12.940880    -63.878     0.002    -2.230    -0.000    -0.000     1.000     0.059     0.002
  44.294891  12.925393    -44.215     0.005    -1.543     0.000    -0.000     1.000     0.114     0.004
  44.797224  12.908945    -27.076     0.009    -0.945     0.000    -0.000     1.000     0.218     0.007
  45.299488  12.891539    -27.463     0.007    -0.959     0.000    -0.000     1.000     0.171     0.005
  45.801680  12.873175    -29.836     0.003    -1.041     0.000    -0.000     1.000     0.067     0.002
  46.303798  12.853855    -28.868     0.001    -1.008     0.000    -0.000     1.000     0.026     0.001
  46.805835  12.833581    -25.831     0.001    -0.902     0.000    -0.000     1.000     0.013     0.000
  47.307790  12.812354    -15.405     0.000    -0.538     0.000    -0.000     1.000     0.004     0.000
  47.809659  12.790177      6.175     0.000     0.216     0.000     0.000     1.000     0.002     0.000
  48.311437  12.767051      5.223     0.000     0.182     0.000     0.000     1.000     0.003     0.000
  48.813122  12.742978      0.820     0.000     0.029     0.000     0.000     1.000     0.004     0.000
  49.314710  12.717960      0.320     0.000     0.011     0.000     0.000     1.000     0.005     0.000
  49.816197  12.691999      0.558     0.000     0.019     0.000     0.000     1.000     0.005     0.000
  50.317580  12.665098      0.833     0.000     0.029     0.000     0.000     1.000     0.005     0.000
  50.818855  12.637258      1.008     0.000     0.035     0.000     0.000     1.000     0.005     0.000
  51.320019  12.608482      1.139     0.000     0.040     0.000     0.000     1.000     0.005     0.000
  51.821068  12.578773     -0.069     0.000    -0.002     0.000    -0.000     1.000     0.008     0.000
  52.322000  12.548133     -1.019     0.001    -0.036     0.000    -0.000     1.000     0.022     0.001
  52.822811  12.516564    -87.727     0.001    -3.062    -0.000    -0.000     1.000     0.022     0.001
  53.323498  12.484069     89.394     0.031     3.120    -0.001     0.000     1.000     0.768     0.025
  53.824057  12.450650     87.809     0.103     3.065    -0.003     0.000     1.000     2.569     0.082
  54.324485  12.416312     87.150     0.041     3.042    -0.001     0.000     1.000     1.029     0.033
  35.497146  12.619249     33.115     0.001     1.156     0.000     0.000     1.000     0.033     0.001
  36.000000  12.619720     29.890     0.003     1.043     0.000     0.000     1.000     0.077     0.002
  36.502854  12.619249     50.523     0.005     1.764    -0.000     0.000     1.000     0.129     0.004
  37.005705  12.617838     62.250     0.011     2.173    -0.000     0.000     1.000     0.275     0.009
  37.508548  12.615486     52.857     0.014     1.845    -0.000     0.000     1.000     0.344     0.011
  38.011380  12.612193     27.505     0.012     0.960     0.000     0.000     1.000     0.309     0.010
  38.514197  12.607960     28.005     0.006     0.978     0.000     0.000     1.000     0.160     0.005
  39.016996  12.602787     43.945     0.009     1.534     0.000     0.000     1.000     0.214     0.007
  39.519772  12.596675      0.431     0.007     0.015     0.000     0.000     1.000     0.182     0.006
  40.022523  12.589624      5.271     0.008     0.184     0.000     0.000     1.000     0.207     0.007
  40.525244  12.581634    -29.251     0.021    -1.021     0.000    -0.000     1.000     0.518     0.017
  41.027932  12.572707    -29.139     0.036    -1.017     0.000    -0.001     1.000     0.910     0.029
  41.530584  12.562843    -41.242     0.022    -1.440     0.000    -0.001     1.000     0.542     0.017
  42.033195  12.552042    -47.498     0.015    -1.658    -0.000    -0.000     1.000     0.378     0.012
  42.535762  12.540307    -42.695     0.005    -1.490     0.000    -0.000     1.000     0.133     0.004
  43.038281  12.527637    -21.801     0.003    -0.761     0.000    -0.000     1.000     0.071     0.002
  43.540749  12.514034    -37.153     0.002    -1.297     0.000    -0.000     1.000     0.060     0.002
  44.043163  12.499499    -41.275     0.004    -1.441     0.000    -0.000     1.000     0.099     0.003
  44.545518  12.484033    -36.027     0.003    -1.258     0.000    -0.000     1.000     0.079     0.003
  45.047811  12.467638    -31.960     0.003    -1.116     0.000    -0.000     1.000     0.079     0.003
  45.550039  12.450314    -27.364     0.001    -0.955     0.000    -0.000     1.000     0.036     0.001
  46.052198  12.432064    -21.809     0.001    -0.761     0.000    -0.000     1.000     0.016     0.001
  46.554285  12.412889    -10.011     0.000    -0.349     0.000    -0.000     1.000     0.007     0.000
  47.056296  12.392790      1.569     0.000     0.055     0.000     0.000     1.000     0.005     0.000
  47.558227  12.371770      4.992     0.000     0.174     0.000     0.000     1.000     0.004     0.000
  48.060077  12.349829      4.228     0.000     0.148     0.000     0.000     1.000     0.004     0.000
  48.561840  12.326971      2.441     0.000     0.085     0.000     0.000     1.000     0.003     0.000
  49.063514  12.303196      1.280     0.000     0.045     0.000     0.000     1.000     0.003     0.000
  49.565096  12.278506      0.146     0.000     0.005     0.000     0.000     1.000     0.003     0.000
  50.066582  12.252904     -0.943     0.000    -0.033     0.000    -0.000     1.000     0.004     0.000
  50.567968  12.226393     -1.883     0.000    -0.066     0.000    -0.000     1.000     0.004     0.000
  51.069253  12.198973     -2.757     0.000    -0.096     0.000    -0.000     1.000     0.004     0.000
  51.570432  12.170648     -2.807     0.000    -0.098     0.000    -0.000     1.000     0.004     0.000
  52.071502  12.141419     -1.807     0.001    -0.063     0.000    -0.000     1.000     0.013     0.000
  52.572461  12.111290     -1.576     0.001    -0.055     0.000    -0.000     1.000     0.030     0.001
  53.073305  12.080262     87.430     0.003     3.052    -0.000     0.000     1.000     0.065     0.002
  53.574032  12.048338     86.007     0.019     3.002    -0.000     0.000     1.000     0.482     0.015
  54.074637  12.015522     86.977     0.023     3.036    -0.001     0.000     1.000     0.572     0.018
  35.245753  12.181992     48.167     0.002     1.681    -0.000     0.000     1.000     0.060     0.002
  35.748584  12.182902     39.980     0.005     1.396     0.000     0.000     1.000     0.137     0.004
  36.251417  12.182902     28.749     0.000     1.004     0.000     0.000     1.000     0.007     0.000
  36.754248  12.181992     56.008     0.009     1.955    -0.000     0.000     1.000     0.229     0.007
  37.257073  12.180171     51.093     0.018     1.783    -0.000     0.000     1.000     0.463     0.015
  37.759890  12.177441     39.614     0.017     1.383     0.000     0.000     1.000     0.427     0.014
  38.262695  12.173800     27.703     0.012     0.967     0.000     0.000     1.000     0.290     0.009
  38.765485  12.169251     27.393     0.009     0.956     0.000     0.000     1.000     0.215     0.007
  39.268256  12.163791     59.395     0.006     2.073    -0.000     0.000     1.000     0.157     0.005
  39.771004  12.157424    -40.258     0.006    -1.405     0.000    -0.000     1.000     0.147     0.005
  40.273726  12.150148    -27.867     0.023    -0.973     0.000    -0.000     1.000     0.586     0.019
  40.776420  12.141964    -49.879     0.037    -1.741    -0.000    -0.001     1.000     0.925     0.030
  41.279080  12.132874    -75.965     0.044    -2.652    -0.001    -0.001     1.000     1.113     0.036
  41.781705  12.122878    -78.085     0.041    -2.726    -0.001    -0.000     1.000     1.024     0.033
  42.284290  12.111976    -63.606     0.008    -2.220    -0.000    -0.000     1.000     0.191     0.006
  42.786833  12.100170    -28.999     0.003    -1.012     0.000    -0.000     1.000     0.080     0.003
  43.289329  12.087461    -30.950     0.004    -1.080     0.000    -0.000     1.000     0.093     0.003
  43.791776  12.073849    -34.885     0.003    -1.218     0.000    -0.000     1.000     0.079     0.003
  44.294170  12.059336    -36.019     0.002    -1.257     0.000    -0.000     1.000     0.049     0.002
  44.796509  12.043924    -36.910     0.001    -1.288     0.000    -0.000     1.000     0.031     0.001
  45.298787  12.027612    -34.093     0.001    -1.190     0.000    -0.000     1.000     0.014     0.000
  45.801004  12.010404    -33.390     0.000    -1.166     0.000    -0.000     1.000     0.003     0.000
  46.303154  11.992299     61.329     0.000     2.141    -0.000     0.000     1.000     0.001     0.000
  46.805235  11.973300     52.057     0.000     1.817    -0.000     0.000     1.000     0.001     0.000
  47.307244  11.953409     18.289     0.000     0.638     0.000     0.000     1.000     0.001     0.000
  47.809178  11.932626     -1.160     0.000    -0.041     0.000    -0.000     1.000     0.001     0.000
  48.311033  11.910954     -4.970     0.000    -0.174     0.000    -0.000     1.000     0.002     0.000
  48.812806  11.888394     -6.220     0.000    -0.217     0.000    -0.000     1.000     0.002     0.000
  49.314495  11.864949     -6.258     0.000    -0.218     0.000    -0.000     1.000     0.002     0.000
  49.816096  11.840620     -6.012     0.000    -0.210     0.000    -0.000     1.000     0.002     0.000
  50.317605  11.815409     -6.007     0.000    -0.210     0.000    -0.000     1.000     0.002     0.000
  50.819021  11.789318     -6.363     0.000    -0.222     0.000    -0.000     1.000     0.001     0.000
  51.320340  11.762350     -5.812     0.000    -0.203     0.000    -0.000     1.000     0.001     0.000
  34.994338  11.745477     40.795     0.002     1.424     0.000     0.000     1.000     0.052     0.002
  35.497168  11.746796     53.295     0.011     1.860    -0.000     0.000     1.000     0.269     0.009
  36.000000  11.747236     55.625     0.006     1.942    -0.000     0.000     1.000     0.151     0.005
  36.502833  11.746796     39.281     0.006     1.371     0.000     0.000     1.000     0.142     0.005
  37.005662  11.745477     43.931     0.016     1.533     0.000     0.000     1.000     0.396     0.013
  37.508485  11.743278     46.047     0.021     1.607    -0.000     0.001     1.000     0.516     0.017
  38.011299  11.740200     35.870     0.011     1.252     0.000     0.000     1.000     0.267     0.009
  38.514099  11.736243     24.620     0.009     0.859     0.000     0.000     1.000     0.229     0.007
  39.016884  11.731407     53.649     0.009     1.873    -0.000     0.000     1.000     0.233     0.007
  39.519649  11.725693    -81.354     0.020    -2.840    -0.000    -0.000     1.000     0.497     0.016
  40.022392  11.719101    -42.866     0.019    -1.496     0.000    -0.000     1.000     0.473     0.015
  40.525109  11.711631    -51.469     0.004    -1.797    -0.000    -0.000     1.000     0.089     0.003
  41.027798  11.703285     71.273     0.083     2.488    -0.002     0.001     1.000     2.081     0.067
  41.530454  11.694063     81.336     0.071     2.839    -0.002     0.001     1.000     1.770     0.057
  42.033076  11.683966    -83.372     0.018    -2.910    -0.000    -0.000     1.000     0.450     0.014
  42.535659  11.672995    -54.742     0.006    -1.911    -0.000    -0.000     1.000     0.159     0.005
  43.038201  11.661150    -38.969     0.005    -1.360     0.000    -0.000     1.000     0.127     0.004
  43.540698  11.648433    -36.177     0.002    -1.263     0.000    -0.000     1.000     0.055     0.002
  44.043148  11.634844    -37.443     0.002    -1.307     0.000    -0.000     1.000     0.040     0.001
  44.545548  11.620385    -35.042     0.001    -1.223     0.000    -0.000     1.000     0.017     0.001
  45.047893  11.605057    -32.820     0.000    -1.146     0.000    -0.000     1.000     0.006     0.000
  45.550182  11.588861      0.593     0.000     0.021     0.000     0.000     1.000     0.001     0.000
  46.052411  11.571799     13.259     0.000     0.463     0.000     0.000     1.000     0.001     0.000
  46.554577  11.553872     -1.200     0.000    -0.042     0.000    -0.000     1.000     0.001     0.000
  47.056678  11.535081     -7.106     0.000    -0.248     0.000    -0.000     1.000     0.001     0.000
  47.558709  11.515428     -8.607     0.000    -0.300     0.000    -0.000     1.000     0.002     0.000
  48.060669  11.494915     -9.362     0.000    -0.327     0.000    -0.000     1.000     0.001     0.000
  48.562555  11.473543     -9.942     0.000    -0.347     0.000    -0.000     1.000     0.001     0.000
  49.064363  11.451314     -9.467     0.000    -0.330     0.000    -0.000     1.000     0.001     0.000
  34.742869  11.309695     23.177     0.002     0.809     0.000     0.000     1.000     0.043     0.001
  35.245719  11.311393     23.894     0.005     0.834     0.000     0.000     1.000     0.115     0.004
  35.748573  11.312241     56.474     0.009     1.971    -0.000     0.000     1.000     0.219     0.007
  36.251428  11.312241     28.928     0.011     1.010     0.000     0.000     1.000     0.264     0.008
  36.754282  11.311393     30.150     0.014     1.052     0.000     0.000     1.000     0.357     0.011
  37.257131  11.309695     32.739     0.016     1.143     0.000     0.000     1.000     0.402     0.013
  37.759973  11.307149     46.782     0.014     1.633    -0.000     0.000     1.000     0.348     0.011
  38.262805  11.303754     42.259     0.007     1.475     0.000     0.000     1.000     0.181     0.006
  38.765623  11.299511     55.004     0.004     1.920    -0.000     0.000     1.000     0.105     0.003
  39.268425  11.294420    -86.302     0.017    -3.012    -0.000    -0.000     1.000     0.433     0.014
  39.771207  11.288482    -69.866     0.025    -2.439    -0.000    -0.000     1.000     0.638     0.020
  40.273967  11.281697     61.201     0.010     2.136    -0.000     0.000     1.000     0.262     0.008
  40.776702  11.274066     61.293     0.045     2.140    -0.001     0.001     1.000     1.130     0.036
  41.279409  11.265589     76.933     0.030     2.685    -0.001     0.000     1.000     0.739     0.024
  41.782085  11.256266    -78.952     0.013    -2.756    -0.000    -0.000     1.000     0.333     0.011
  42.284727  11.246100    -51.210     0.010    -1.788    -0.000    -0.000     1.000     0.263     0.008
  42.787331  11.235090    -52.995     0.007    -1.850    -0.000    -0.000     1.000     0.186     0.006
  43.289896  11.223238    -43.959     0.002    -1.534     0.000    -0.000     1.000     0.057     0.002
  43.792418  11.210545    -35.942     0.001    -1.255     0.000    -0.000     1.000     0.029     0.001
  44.294895  11.197010    -29.525     0.000    -1.031     0.000    -0.000     1.000     0.010     0.000
  44.797323  11.182637    -13.870     0.000    -0.484     0.000    -0.000     1.000     0.003     0.000
  45.299700  11.167425      0.829     0.000     0.029     0.000     0.000     1.000     0.001     0.000
  45.802022  11.151377      6.579     0.000     0.230     0.000     0.000     1.000     0.001     0.000
  46.304288  11.134493     -1.638     0.000    -0.057     0.000    -0.000     1.000     0.001     0.000
  46.806494  11.116775     -7.524     0.000    -0.263     0.000    -0.000     1.000     0.001     0.000
  34.491314  10.874637     25.196     0.001     0.880     0.000     0.000     1.000     0.032     0.001
  34.994205  10.876682     30.392     0.005     1.061     0.000     0.000     1.000     0.116     0.004
  35.497101  10.877909     53.718     0.003     1.875    -0.000     0.000     1.000     0.070     0.002
  36.000000  10.878318     51.906     0.015     1.812    -0.000     0.000     1.000     0.371     0.012
  36.502899  10.877909     32.435     0.013     1.132     0.000     0.000     1.000     0.336     0.011
  37.005796  10.876682     25.529     0.010     0.891     0.000     0.000     1.000     0.253     0.008
  37.508687  10.874637     33.971     0.008     1.186     0.000     0.000     1.000     0.194     0.006
  38.011569  10.871774     53.481     0.013     1.867    -0.000     0.000     1.000     0.323     0.010
  38.514441  10.868094     48.695     0.007     1.700    -0.000     0.000     1.000     0.175     0.006
  39.017299  10.863596    -84.699     0.011    -2.957    -0.000    -0.000     1.000     0.271     0.009
  39.520140  10.858282    -78.849     0.025    -2.752    -0.001    -0.000     1.000     0.626     0.020
  40.022962  10.852151    -42.818     0.006    -1.495     0.000    -0.000     1.000     0.157     0.005
  40.525762  10.845204      7.322     0.009     0.256     0.000     0.000     1.000     0.229     0.007
  41.028537  10.837442     -5.448     0.004    -0.190     0.000    -0.000     1.000     0.093     0.003
  41.531285  10.828865    -52.658     0.006    -1.838    -0.000    -0.000     1.000     0.139     0.004
  42.034002  10.819475    -46.633     0.012    -1.628    -0.000    -0.000     1.000     0.303     0.010
  42.536687  10.809271    -48.035     0.009    -1.677    -0.000    -0.000     1.000     0.235     0.008
  43.039336  10.798255    -45.895     0.003    -1.602    -0.000    -0.000     1.000     0.077     0.002
  43.541948  10.786427    -37.152     0.001    -1.297     0.000    -0.000     1.000     0.018     0.001
  44.044518  10.773789    -24.534     0.000    -0.856     0.000    -0.000     1.000     0.004     0.000
  44.547044  10.760341     13.305     0.000     0.464     0.000     0.000     1.000     0.001     0.000
  34.239641  10.440293     31.674     0.000     1.106     0.000     0.000     1.000     0.008     0.000
  34.742594  10.442654      5.279     0.002     0.184     0.000     0.000     1.000     0.050     0.002
  35.245554  10.444228     49.502     0.002     1.728    -0.000     0.000     1.000     0.061     0.002
  35.748518  10.445015     60.748     0.009     2.121    -0.000     0.000     1.000     0.235     0.008
  36.251483  10.445015     54.868     0.008     1.915    -0.000     0.000     1.000     0.190     0.006
  36.754446  10.444228     31.650     0.004     1.105     0.000     0.000     1.000     0.093     0.003
  37.257406  10.442654     19.580     0.006     0.683     0.000     0.000     1.000     0.138     0.004
  37.760360  10.440293     51.173     0.006     1.786    -0.000     0.000     1.000     0.148     0.005
  38.263304  10.437144     58.328     0.009     2.036    -0.000     0.000     1.000     0.218     0.007
  38.766238  10.433210     79.181     0.008     2.764    -0.000     0.000     1.000     0.197     0.006
  39.269157  10.428489    -84.455     0.019    -2.948    -0.000    -0.000     1.000     0.487     0.016
  39.772059  10.422983    -81.997     0.012    -2.862    -0.000    -0.000     1.000     0.309     0.010
  40.274943  10.416691    -18.141     0.011    -0.633     0.000    -0.000     1.000     0.286     0.009
  40.777805  10.409614    -24.575     0.015    -0.858     0.000    -0.000     1.000     0.383     0.012
  41.280643  10.401753    -28.189     0.011    -0.984     0.000    -0.000     1.000     0.268     0.009
  41.783454  10.393108    -48.224     0.006    -1.683    -0.000    -0.000     1.000     0.147     0.005
  42.286237  10.383680    -43.578     0.007    -1.521     0.000    -0.000     1.000     0.185     0.006
  42.788987  10.373471    -37.655     0.003    -1.314     0.000    -0.000     1.000     0.087     0.003
  43.291704  10.362479    -34.490     0.001    -1.204     0.000    -0.000     1.000     0.017     0.001
  34.490856  10.009300     77.717     0.001     2.713    -0.000     0.000     1.000     0.025     0.001
  34.993900  10.011191      2.284     0.001     0.080     0.000     0.000     1.000     0.019     0.001
  35.496949  10.012325     65.575     0.006     2.289    -0.000     0.000     1.000     0.149     0.005
  36.000000  10.012703     64.748     0.008     2.260    -0.000     0.000     1.000     0.196     0.006
  36.503052  10.012325     76.409     0.008     2.667    -0.000     0.000     1.000     0.192     0.006
  37.006101  10.011191     71.419     0.004     2.493    -0.000     0.000     1.000     0.095     0.003
  37.509145  10.009300     56.813     0.003     1.983    -0.000     0.000     1.000     0.067     0.002
  38.012182  10.006654     83.277     0.007     2.907    -0.000     0.000     1.000     0.181     0.006
  38.515210  10.003252     82.084     0.011     2.865    -0.000     0.000     1.000     0.287     0.009
  39.018226   9.999094    -87.796     0.023    -3.065    -0.001    -0.000     1.000     0.575     0.018
  39.521228   9.994182     88.471     0.025     3.088    -0.001     0.000     1.000     0.624     0.020
  40.024214   9.988514     73.203     0.011     2.555    -0.000     0.000     1.000     0.273     0.009
  40.527181   9.982093    -39.080     0.014    -1.364     0.000    -0.000     1.000     0.350     0.011
  41.030127   9.974917    -34.259     0.017    -1.196     0.000    -0.000     1.000     0.424     0.014
  41.533050   9.966989    -44.310     0.008    -1.547     0.000    -0.000     1.000     0.201     0.006
  42.035947   9.958308    -81.188     0.004    -2.834    -0.000    -0.000     1.000     0.105     0.003
  42.538816   9.948875     73.312     0.000     2.559    -0.000     0.000     1.000     0.009     0.000
  43.041655   9.938691     -8.318     0.000    -0.290     0.000    -0.000     1.000     0.008     0.000
  34.238958   9.576612     42.361     0.001     1.479     0.000     0.000     1.000     0.027     0.001
  34.742108   9.578787     36.575     0.004     1.277     0.000     0.000     1.000     0.091     0.003
  35.245263   9.580237     48.158     0.004     1.681    -0.000     0.000     1.000     0.098     0.003
  35.748421   9.580962     67.700     0.008     2.363    -0.000     0.000     1.000     0.198     0.006
  36.251580   9.580962     73.684     0.008     2.572    -0.000     0.000     1.000     0.194     0.006
  36.754738   9.580237     64.144     0.007     2.239    -0.000     0.000     1.000     0.164     0.005
  37.257893   9.578787     68.911     0.005     2.405    -0.000     0.000     1.000     0.130     0.004
  37.761042   9.576612     88.602     0.008     3.093    -0.000     0.000     1.000     0.200     0.006
  38.264184   9.573711     88.289     0.013     3.082    -0.000     0.000     1.000     0.318     0.010
  38.767316   9.570087    -83.968     0.022    -2.931    -0.001    -0.000     1.000     0.541     0.017
  39.270437   9.565738    -82.148     0.028    -2.867    -0.001    -0.000     1.000     0.694     0.022
  39.773543   9.560665     54.746     0.012     1.911    -0.000     0.000     1.000     0.303     0.010
  40.276634   9.554868    -37.898     0.007    -1.323     0.000    -0.000     1.000     0.177     0.006
  40.779706   9.548349    -34.951     0.016    -1.220     0.000    -0.000     1.000     0.398     0.013
  41.282758   9.541107    -55.184     0.011    -1.926    -0.000    -0.000     1.000     0.271     0.009
  41.785787   9.533143    -82.713     0.011    -2.887    -0.000    -0.000     1.000     0.279     0.009
  42.288792   9.524457     84.647     0.006     2.955    -0.000     0.000     1.000     0.154     0.005
  42.791770   9.515052     72.902     0.001     2.545    -0.000     0.000     1.000     0.023     0.001
  34.490147   9.147008     38.526     0.004     1.345     0.000     0.000     1.000     0.088     0.003
  34.993428   9.148743     43.905     0.005     1.533     0.000     0.000     1.000     0.124     0.004
  35.496713   9.149784     59.174     0.003     2.066    -0.000     0.000     1.000     0.064     0.002
  36.000000   9.150131     59.381     0.004     2.073    -0.000     0.000     1.000     0.097     0.003
  36.503287   9.149784     52.715     0.008     1.840    -0.000     0.000     1.000     0.210     0.007
  37.006572   9.148743     55.294     0.009     1.930    -0.000     0.000     1.000     0.232     0.007
  37.509853   9.147008     61.504     0.007     2.147    -0.000     0.000     1.000     0.171     0.005
  38.013129   9.144579     58.531     0.004     2.043    -0.000     0.000     1.000     0.107     0.003
  38.516396   9.141457    -39.748     0.014    -1.387     0.000    -0.000     1.000     0.357     0.011
  39.019653   9.137641    -32.866     0.021    -1.147     0.000    -0.000     1.000     0.530     0.017
  39.522899   9.133132     -0.728     0.026    -0.025     0.001    -0.000     1.000     0.649     0.021
  40.026131   9.127930     -9.197     0.029    -0.321     0.001    -0.000     1.000     0.721     0.023
  40.529348   9.122037    -19.277     0.018    -0.673     0.000    -0.000     1.000     0.447     0.014
  41.032547   9.115451    -28.020     0.006    -0.978     0.000    -0.000     1.000     0.159     0.005
  41.535726   9.108174    -81.876     0.005    -2.858    -0.000    -0.000     1.000     0.131     0.004
  42.038884   9.100207     89.834     0.006     3.136    -0.000     0.000     1.000     0.153     0.005
  34.237988   8.715845     37.312     0.000     1.302     0.000     0.000     1.000     0.008     0.000
  34.741415   8.717833    -45.876     0.001    -1.601    -0.000    -0.000     1.000     0.016     0.001
  35.244848   8.719159    -27.780     0.002    -0.970     0.000    -0.000     1.000     0.044     0.001
  35.748282   8.719822     19.770     0.002     0.690     0.000     0.000     1.000     0.041     0.001
  36.251718   8.719822     32.589     0.007     1.138     0.000     0.000     1.000     0.168     0.005
  36.755153   8.719159     36.291     0.011     1.267     0.000     0.000     1.000     0.263     0.008
  37.258585   8.717833     30.017     0.011     1.048     0.000     0.000     1.000     0.269     0.009
  37.762013   8.715845     15.847     0.014     0.553     0.000     0.000     1.000     0.340     0.011
  38.265434   8.713194     -8.202     0.013    -0.286     0.000    -0.000     1.000     0.323     0.010
  38.768848   8.709881    -26.656     0.033    -0.930     0.000    -0.001     1.000     0.835     0.027
  39.272251   8.705906    -12.504     0.034    -0.436     0.001    -0.000     1.000     0.860     0.028
  39.775643   8.701269     -3.040     0.024    -0.106     0.001    -0.000     1.000     0.593     0.019
  40.279022   8.695970     -2.486     0.013    -0.087     0.000    -0.000     1.000     0.316     0.010
  40.782385   8.690011     -6.496     0.006    -0.227     0.000    -0.000     1.000     0.142     0.005
  41.285732   8.683391      5.860     0.001     0.205     0.000     0.000     1.000     0.017     0.001
  41.789060   8.676112     83.336     0.001     2.909    -0.000     0.000     1.000     0.029     0.001
  34.489194   8.287500    -44.995     0.000    -1.571     0.000    -0.000     1.000     0.011     0.000
  34.992794   8.289078    -37.805     0.002    -1.320     0.000    -0.000     1.000     0.048     0.002
  35.496396   8.290026    -21.940     0.003    -0.766     0.000    -0.000     1.000     0.068     0.002
  36.000000   8.290342     10.091     0.003     0.352     0.000     0.000     1.000     0.067     0.002
  36.503604   8.290026     21.440     0.009     0.748     0.000     0.000     1.000     0.217     0.007
  37.007207   8.289078     24.614     0.014     0.859     0.000     0.000     1.000     0.343     0.011
  37.510806   8.287500     25.157     0.015     0.878     0.000     0.000     1.000     0.383     0.012
  38.014401   8.285289     -1.419     0.009    -0.050     0.000    -0.000     1.000     0.226     0.007
  38.517988   8.282448    -51.145     0.046    -1.785    -0.000    -0.001     1.000     1.156     0.037
  39.021568   8.278976    -52.693     0.111    -1.839    -0.001    -0.003     1.000     2.776     0.089
  39.525138   8.274873    -35.778     0.014    -1.249     0.000    -0.000     1.000     0.356     0.011
  40.028697   8.270140      3.409     0.007     0.119     0.000     0.000     1.000     0.170     0.005
  40.532243   8.264777     15.522     0.002     0.542     0.000     0.000     1.000     0.061     0.002
  41.035775   8.258784     22.557     0.001     0.787     0.000     0.000     1.000     0.021     0.001
  41.539290   8.252162     30.471     0.000     1.064     0.000     0.000     1.000     0.009     0.000
  34.740522   7.859533    -31.558     0.000    -1.102     0.000    -0.000     1.000     0.008     0.000
  35.244312   7.860733    -19.814     0.001    -0.692     0.000    -0.000     1.000     0.027     0.001
  35.748104   7.861334      3.401     0.001     0.119     0.000     0.000     1.000     0.033     0.001
  36.251897   7.861334     14.544     0.003     0.508     0.000     0.000     1.000     0.068     0.002
  36.755689   7.860733     20.845     0.013     0.728     0.000     0.000     1.000     0.328     0.011
  37.259479   7.859533     23.810     0.020     0.831     0.000     0.000     1.000     0.510     0.016
  37.763265   7.857733     11.221     0.013     0.392     0.000     0.000     1.000     0.325     0.010
  38.267046   7.855333    -53.019     0.060    -1.851    -0.000    -0.001     1.000     1.509     0.048
  38.770821   7.852333    -55.533     0.249    -1.938    -0.002    -0.006     1.000     6.238     0.200
  39.274587   7.848733    -54.093     0.097    -1.888    -0.001    -0.002     1.000     2.420     0.078
  39.778344   7.844534    -88.874     0.000    -3.102    -0.000    -0.000     1.000     0.010     0.000
  40.282091   7.839737     37.149     0.006     1.297     0.000     0.000     1.000     0.138     0.004
  40.785825   7.834341     43.206     0.001     1.508     0.000     0.000     1.000     0.035     0.001
  41.289545   7.828347     36.556     0.000     1.276     0.000     0.000     1.000     0.008     0.000
  34.488003   7.430515     -2.186     0.000    -0.076     0.000    -0.000     1.000     0.002     0.000
  34.992000   7.431936     -4.310     0.000    -0.150     0.000    -0.000     1.000     0.011     0.000
  35.495999   7.432789     -4.253     0.000    -0.148     0.000    -0.000     1.000     0.009     0.000
  36.000000   7.433074     13.974     0.000     0.488     0.000     0.000     1.000     0.007     0.000
  36.504001   7.432789     17.034     0.003     0.595     0.000     0.000     1.000     0.071     0.002
  37.008001   7.431936     15.162     0.017     0.529     0.000     0.000     1.000     0.415     0.013
  37.511997   7.430515     13.031     0.022     0.455     0.000     0.000     1.000     0.547     0.018
  38.015990   7.428525    -41.381     0.032    -1.444     0.000    -0.001     1.000     0.812     0.026
  38.519978   7.425966    -54.277     0.250    -1.895    -0.002    -0.006     1.000     6.260     0.201
  39.023959   7.422839    -51.141     0.128    -1.785    -0.001    -0.003     1.000     3.206     0.103
  39.527933   7.419145    -37.084     0.008    -1.294     0.000    -0.000     1.000     0.211     0.007
  40.031897   7.414882     33.873     0.010     1.182     0.000     0.000     1.000     0.246     0.008
  40.535851   7.410053     42.277     0.005     1.476     0.000     0.000     1.000     0.134     0.004
  41.039793   7.404657     44.410     0.001     1.550     0.000     0.000     1.000     0.033     0.001
  34.739432   7.003626      0.690     0.000     0.024     0.000     0.000     1.000     0.003     0.000
  35.243658   7.004700     -1.621     0.001    -0.057     0.000    -0.000     1.000     0.015     0.000
  35.747886   7.005237     -7.752     0.000    -0.271     0.000    -0.000     1.000     0.001     0.000
  36.252115   7.005237    -83.004     0.000    -2.897    -0.000    -0.000     1.000     0.007     0.000
  36.756343   7.004700     12.725     0.002     0.444     0.000     0.000     1.000     0.049     0.002
  37.260569   7.003626      5.925     0.007     0.207     0.000     0.000     1.000     0.180     0.006
  37.764792   7.002015    -23.520     0.008    -0.821     0.000    -0.000     1.000     0.211     0.007
  38.269012   6.999866    -53.328     0.086    -1.862    -0.001    -0.002     1.000     2.162     0.069
  38.773226   6.997182    -54.607     0.087    -1.906    -0.001    -0.002     1.000     2.180     0.070
  39.277433   6.993960    -34.153     0.009    -1.192     0.000    -0.000     1.000     0.215     0.007
  39.781634   6.990203     26.016     0.012     0.908     0.000     0.000     1.000     0.298     0.010
  40.285825   6.985909     37.722     0.006     1.317     0.000     0.000     1.000     0.161     0.005
  40.790007   6.981080     44.470     0.004     1.552     0.000     0.000     1.000     0.097     0.003
  34.486578   6.575793      2.828     0.000     0.099     0.000     0.000     1.000     0.001     0.000
  34.991051   6.577057     -0.609     0.000    -0.021     0.000    -0.000     1.000     0.010     0.000
  35.495525   6.577815      2.041     0.000     0.071     0.000     0.000     1.000     0.009     0.000
  36.000000   6.578068    -83.326     0.000    -2.909    -0.000    -0.000     1.000     0.004     0.000
  36.504476   6.577815    -57.714     0.000    -2.015    -0.000    -0.000     1.000     0.010     0.000
  37.008950   6.577057    -30.996     0.001    -1.082     0.000    -0.000     1.000     0.035     0.001
  37.513422   6.575793    -40.575     0.005    -1.416     0.000    -0.000     1.000     0.116     0.004
  38.017891   6.574025    -57.536     0.018    -2.008    -0.000    -0.000     1.000     0.456     0.015
  38.522357   6.571750    -64.239     0.030    -2.242    -0.000    -0.001     1.000     0.752     0.024
  39.026816   6.568971    -77.701     0.004    -2.712    -0.000    -0.000     1.000     0.098     0.003
  39.531270   6.565688     28.850     0.006     1.007     0.000     0.000     1.000     0.159     0.005
  40.035717   6.561899     35.878     0.005     1.252     0.000     0.000     1.000     0.124     0.004
  40.540155   6.557607     45.277     0.002     1.580    -0.000     0.000     1.000     0.055     0.002
  34.738149   6.149852      6.692     0.000     0.234     0.000     0.000     1.000     0.004     0.000
  35.242889   6.150799      2.089     0.001     0.073     0.000     0.000     1.000     0.016     0.000
  35.747630   6.151273    -10.332     0.000    -0.361     0.000    -0.000     1.000     0.004     0.000
  36.252371   6.151273    -45.062     0.001    -1.573    -0.000    -0.000     1.000     0.022     0.001
  36.757112   6.150799    -39.986     0.003    -1.396     0.000    -0.000     1.000     0.079     0.003
  37.261852   6.149852    -44.082     0.005    -1.539     0.000    -0.000     1.000     0.121     0.004
  37.766589   6.148431    -59.714     0.007    -2.084    -0.000    -0.000     1.000     0.165     0.005
  38.271323   6.146536    -71.859     0.013    -2.508    -0.000    -0.000     1.000     0.323     0.010
  38.776053   6.144169     70.685     0.004     2.467    -0.000     0.000     1.000     0.102     0.003
  39.280779   6.141328     46.927     0.005     1.638    -0.000     0.000     1.000     0.128     0.004
  39.785498   6.138014     38.854     0.002     1.356     0.000     0.000     1.000     0.053     0.002
  40.290211   6.134227     43.067     0.001     1.503     0.000     0.000     1.000     0.022     0.001
  34.989949   5.724181      3.818     0.000     0.133     0.000     0.000     1.000     0.010     0.000
  35.494974   5.724844    -16.831     0.001    -0.587     0.000    -0.000     1.000     0.016     0.001
  36.000000   5.725065    -40.501     0.002    -1.414     0.000    -0.000     1.000     0.049     0.002
  36.505026   5.724844    -39.089     0.005    -1.364     0.000    -0.000     1.000     0.114     0.004
  37.010052   5.724181    -37.238     0.003    -1.300     0.000    -0.000     1.000     0.080     0.003
  37.515076   5.723076    -52.616     0.001    -1.837    -0.000    -0.000     1.000     0.031     0.001
  38.020097   5.721530    -83.808     0.001    -2.925    -0.000    -0.000     1.000     0.026     0.001
  38.525115   5.719542     69.704     0.002     2.433    -0.000     0.000     1.000     0.038     0.001
  39.030130   5.717113     49.851     0.004     1.740    -0.000     0.000     1.000     0.089     0.003
  39.535140   5.714243     50.972     0.002     1.779    -0.000     0.000     1.000     0.058     0.002
  34.736678   5.297952    -12.213     0.000    -0.426     0.000    -0.000     1.000     0.005     0.000
  35.242006   5.298772    -24.231     0.001    -0.846     0.000    -0.000     1.000     0.031     0.001
  35.747335   5.299182    -38.850     0.003    -1.356     0.000    -0.000     1.000     0.087     0.003
  36.252665   5.299182    -39.119     0.005    -1.366     0.000    -0.000     1.000     0.119     0.004
  36.757995   5.298772    -30.541     0.002    -1.066     0.000    -0.000     1.000     0.040     0.001
  37.263323   5.297952     54.764     0.000     1.912    -0.000     0.000     1.000     0.006     0.000
  37.768650   5.296723     38.654     0.001     1.349     0.000     0.000     1.000     0.027     0.001
  38.273974   5.295083     47.802     0.001     1.669    -0.000     0.000     1.000     0.021     0.001
  38.779295   5.293035     53.004     0.001     1.850    -0.000     0.000     1.000     0.024     0.001
  39.284613   5.290577     56.250     0.002     1.964    -0.000     0.000     1.000     0.040     0.001
  39.789926   5.287710     56.751     0.001     1.981    -0.000     0.000     1.000     0.021     0.001
  34.483048   4.872104    -33.249     0.001    -1.161     0.000    -0.000     1.000     0.014     0.000
  34.988697   4.873049    -33.823     0.002    -1.181     0.000    -0.000     1.000     0.048     0.002
  35.494349   4.873615    -36.991     0.005    -1.291     0.000    -0.000     1.000     0.120     0.004
  36.000000   4.873804    -38.220     0.004    -1.334     0.000    -0.000     1.000     0.095     0.003
  36.505652   4.873615     -2.397     0.001    -0.084     0.000    -0.000     1.000     0.016     0.001
  37.011303   4.873049     52.733     0.001     1.841    -0.000     0.000     1.000     0.024     0.001
  37.516953   4.872104     47.508     0.001     1.658    -0.000     0.000     1.000     0.027     0.001
  38.022601   4.870782     55.037     0.001     1.921    -0.000     0.000     1.000     0.021     0.001
  38.528247   4.869083     62.678     0.001     2.188    -0.000     0.000     1.000     0.018     0.001
  39.033890   4.867006     64.060     0.001     2.236    -0.000     0.000     1.000     0.014     0.000
  39.539530   4.864552     62.302     0.000     2.175    -0.000     0.000     1.000     0.010     0.000
  33.723043   4.445248    -26.697     0.000    -0.932     0.000    -0.000     1.000     0.008     0.000
  34.229031   4.446630    -35.418     0.001    -1.236     0.000    -0.000     1.000     0.029     0.001
  34.735021   4.447667    -38.574     0.003    -1.346     0.000    -0.000     1.000     0.079     0.003
  35.241012   4.448358    -36.819     0.005    -1.285     0.000    -0.000     1.000     0.132     0.004
  35.747004   4.448704    -34.049     0.002    -1.189     0.000    -0.000     1.000     0.061     0.002
  36.252996   4.448704     32.628     0.001     1.139     0.000     0.000     1.000     0.027     0.001
  36.758988   4.448358     51.623     0.002     1.802    -0.000     0.000     1.000     0.039     0.001
  37.264979   4.447667     61.176     0.001     2.135    -0.000     0.000     1.000     0.028     0.001
  37.770969   4.446630     58.170     0.001     2.031    -0.000     0.000     1.000     0.021     0.001
  38.276958   4.445248     64.164     0.001     2.240    -0.000     0.000     1.000     0.013     0.000
  38.782944   4.443521     68.393     0.000     2.387    -0.000     0.000     1.000     0.006     0.000
  33.468255   4.020113    -75.460     0.001    -2.634    -0.000    -0.000     1.000     0.014     0.000
  33.974602   4.021523    -47.553     0.001    -1.660    -0.000    -0.000     1.000     0.032     0.001
  34.480950   4.022619    -45.453     0.004    -1.587    -0.000    -0.000     1.000     0.104     0.003
  34.987299   4.023402    -46.494     0.004    -1.623    -0.000    -0.000     1.000     0.101     0.003
  35.493650   4.023872    -38.480     0.000    -1.343     0.000    -0.000     1.000     0.012     0.000
  36.000000   4.024028     47.020     0.002     1.641    -0.000     0.000     1.000     0.047     0.002
  36.506351   4.023872     55.480     0.002     1.937    -0.000     0.000     1.000     0.046     0.001
  37.012701   4.023402     75.078     0.001     2.621    -0.000     0.000     1.000     0.026     0.001
  37.519051   4.022619     48.788     0.000     1.703    -0.000     0.000     1.000     0.012     0.000
  32.706287   3.593685     88.954     0.002     3.105    -0.000     0.000     1.000     0.046     0.001
  33.213009   3.595370     88.305     0.003     3.082    -0.000     0.000     1.000     0.087     0.003
  33.719732   3.596773     86.372     0.003     3.015    -0.000     0.000     1.000     0.086     0.003
  34.226457   3.597896    -65.096     0.004    -2.272    -0.000    -0.000     1.000     0.106     0.003
  34.733183   3.598738    -77.670     0.005    -2.711    -0.000    -0.000     1.000     0.128     0.004
  35.239910   3.599300     79.954     0.007     2.791    -0.000     0.000     1.000     0.178     0.006
  35.746637   3.599581     68.667     0.004     2.397    -0.000     0.000     1.000     0.101     0.003
  36.253364   3.599581     72.360     0.002     2.526    -0.000     0.000     1.000     0.052     0.002
  36.760091   3.599300    -87.295     0.002    -3.047    -0.000    -0.000     1.000     0.046     0.001
  37.266818   3.598738     78.259     0.000     2.732    -0.000     0.000     1.000     0.008     0.000
  31.943047   3.167537    -58.713     0.001    -2.049    -0.000    -0.000     1.000     0.015     0.000
  32.450162   3.169398    -79.888     0.002    -2.789    -0.000    -0.000     1.000     0.049     0.002
  32.957278   3.171010     85.117     0.006     2.971    -0.000     0.000     1.000     0.157     0.005
  33.464397   3.172375     82.222     0.007     2.870    -0.000     0.000     1.000     0.181     0.006
  33.971516   3.173492     73.576     0.004     2.568    -0.000     0.000     1.000     0.111     0.004
  34.478636   3.174361     85.183     0.004     2.973    -0.000     0.000     1.000     0.107     0.003
  34.985757   3.174981     79.420     0.007     2.772    -0.000     0.000     1.000     0.185     0.006
  35.492879   3.175354     74.195     0.009     2.590    -0.000     0.000     1.000     0.230     0.007
  36.000000   3.175478     76.385     0.003     2.666    -0.000     0.000     1.000     0.071     0.002
  36.507122   3.175354    -84.153     0.002    -2.937    -0.000    -0.000     1.000     0.053     0.002
  37.014243   3.174981    -82.722     0.002    -2.888    -0.000    -0.000     1.000     0.045     0.001
  32.193508   2.745521    -50.075     0.002    -1.748    -0.000    -0.000     1.000     0.054     0.002
  32.701038   2.747029    -71.402     0.003    -2.492    -0.000    -0.000     1.000     0.080     0.003
  33.208568   2.748322     75.133     0.005     2.623    -0.000     0.000     1.000     0.126     0.004
  33.716100   2.749399     62.711     0.006     2.189    -0.000     0.000     1.000     0.160     0.005
  34.223633   2.750261     30.259     0.002     1.056     0.000     0.000     1.000     0.040     0.001
  34.731166   2.750908    -85.954     0.001    -3.000    -0.000    -0.000     1.000     0.031     0.001
  35.238699   2.751339     73.067     0.004     2.551    -0.000     0.000     1.000     0.089     0.003
  35.746233   2.751555     70.581     0.005     2.464    -0.000     0.000     1.000     0.129     0.004
  36.253767   2.751555     84.273     0.001     2.942    -0.000     0.000     1.000     0.026     0.001
  36.761301   2.751339    -75.322     0.001    -2.629    -0.000    -0.000     1.000     0.030     0.001
  31.428341   2.320496     21.073     0.000     0.736     0.000     0.000     1.000     0.005     0.000
  31.936301   2.322049    -24.780     0.001    -0.865     0.000    -0.000     1.000     0.015     0.000
  32.444261   2.323418    -34.844     0.002    -1.216     0.000    -0.000     1.000     0.057     0.002
  32.952222   2.324606    -71.096     0.002    -2.482    -0.000    -0.000     1.000     0.045     0.001
  33.460184   2.325610     63.385     0.007     2.213    -0.000     0.000     1.000     0.170     0.005
  33.968146   2.326433     51.541     0.004     1.799    -0.000     0.000     1.000     0.088     0.003
  34.476109   2.327072    -43.515     0.004    -1.519     0.000    -0.000     1.000     0.088     0.003
  34.984073   2.327529    -52.048     0.001    -1.817    -0.000    -0.000     1.000     0.027     0.001
  35.492036   2.327803     70.196     0.004     2.450    -0.000     0.000     1.000     0.101     0.003
  36.000000   2.327895     72.443     0.003     2.529    -0.000     0.000     1.000     0.080     0.003
  36.507964   2.327803    -80.925     0.001    -2.825    -0.000    -0.000     1.000     0.026     0.001
  31.170106   1.897628     17.048     0.001     0.595     0.000     0.000     1.000     0.013     0.000
  31.678514   1.898975     23.574     0.001     0.823     0.000     0.000     1.000     0.021     0.001
  32.186922   1.900173     -5.133     0.001    -0.179     0.000    -0.000     1.000     0.031     0.001
  32.695331   1.901221    -24.090     0.001    -0.841     0.000    -0.000     1.000     0.028     0.001
  33.203741   1.902119     86.202     0.002     3.009    -0.000     0.000     1.000     0.046     0.001
  33.712151   1.902868     62.177     0.003     2.170    -0.000     0.000     1.000     0.079     0.003
  34.220562   1.903468    -50.423     0.000    -1.760    -0.000    -0.000     1.000     0.006     0.000
  34.728972   1.903917    -44.164     0.002    -1.542     0.000    -0.000     1.000     0.053     0.002
  35.237383   1.904217     76.298     0.001     2.663    -0.000     0.000     1.000     0.017     0.001
  35.745795   1.904367     72.505     0.005     2.531    -0.000     0.000     1.000     0.131     0.004
  36.254206   1.904367     81.617     0.002     2.849    -0.000     0.000     1.000     0.054     0.002
  36.762617   1.904217    -78.689     0.001    -2.747    -0.000    -0.000     1.000     0.013     0.000
  30.911249   1.475186      8.504     0.000     0.297     0.000     0.000     1.000     0.006     0.000
  31.420123   1.476294     11.170     0.001     0.390     0.000     0.000     1.000     0.024     0.001
  31.928997   1.477286     23.553     0.002     0.822     0.000     0.000     1.000     0.038     0.001
  32.437871   1.478161      8.356     0.002     0.292     0.000     0.000     1.000     0.049     0.002
  32.946746   1.478919     28.503     0.002     0.995     0.000     0.000     1.000     0.043     0.001
  33.455621   1.479561     35.153     0.003     1.227     0.000     0.000     1.000     0.086     0.003
  33.964497   1.480087     49.787     0.001     1.738    -0.000     0.000     1.000     0.015     0.000
  34.473373   1.480495    -42.661     0.000    -1.489     0.000    -0.000     1.000     0.008     0.000
  34.982248   1.480787    -38.750     0.000    -1.353     0.000    -0.000     1.000     0.007     0.000
  35.491124   1.480962     74.534     0.001     2.602    -0.000     0.000     1.000     0.030     0.001
  36.000000   1.481021     78.692     0.005     2.747    -0.000     0.000     1.000     0.128     0.004
  36.508876   1.480962    -76.779     0.001    -2.680    -0.000    -0.000     1.000     0.036     0.001
  31.161103   1.054000     -8.805     0.000    -0.307     0.000    -0.000     1.000     0.010     0.000
  31.670460   1.054751    -10.079     0.001    -0.352     0.000    -0.000     1.000     0.022     0.001
  32.179817   1.055419     17.312     0.002     0.604     0.000     0.000     1.000     0.055     0.002
  32.689174   1.056004     26.855     0.004     0.937     0.000     0.000     1.000     0.098     0.003
  33.198532   1.056505     31.864     0.005     1.112     0.000     0.000     1.000     0.127     0.004
  33.707890   1.056923     26.635     0.001     0.930     0.000     0.000     1.000     0.036     0.001
  34.217247   1.057257     -5.016     0.000    -0.175     0.000    -0.000     1.000     0.008     0.000
  34.726605   1.057508    -16.901     0.001    -0.590     0.000    -0.000     1.000     0.017     0.001
  35.235963   1.057675    -23.145     0.001    -0.808     0.000    -0.000     1.000     0.024     0.001
  35.745321   1.057759    -68.824     0.001    -2.402    -0.000    -0.000     1.000     0.025     0.001
  36.254679   1.057759    -62.824     0.005    -2.193    -0.000    -0.000     1.000     0.129     0.004
  36.764037   1.057675    -60.155     0.001    -2.100    -0.000    -0.000     1.000     0.029     0.001
  31.411287   0.632564    -24.326     0.001    -0.849     0.000    -0.000     1.000     0.014     0.000
  31.921144   0.632991    -13.094     0.001    -0.457     0.000    -0.000     1.000     0.025     0.001
  32.431001   0.633367     22.489     0.004     0.785     0.000     0.000     1.000     0.095     0.003
  32.940858   0.633694     29.158     0.005     1.018     0.000     0.000     1.000     0.136     0.004
  33.450715   0.633970     19.427     0.002     0.678     0.000     0.000     1.000     0.057     0.002
  33.960572   0.634196     -7.797     0.001    -0.272     0.000    -0.000     1.000     0.028     0.001
  34.470429   0.634372    -15.404     0.002    -0.538     0.000    -0.000     1.000     0.039     0.001
  34.980286   0.634498    -17.507     0.003    -0.611     0.000    -0.000     1.000     0.073     0.002
  35.490143   0.634573    -14.881     0.003    -0.519     0.000    -0.000     1.000     0.064     0.002
  36.000000   0.634598    -44.332     0.002    -1.547     0.000    -0.000     1.000     0.047     0.002
  36.509857   0.634573    -56.120     0.001    -1.959    -0.000    -0.000     1.000     0.029     0.001
  31.151453   0.210719    -39.542     0.000    -1.380     0.000    -0.000     1.000     0.003     0.000
  31.661826   0.210870    -33.951     0.000    -1.185     0.000    -0.000     1.000     0.005     0.000
  32.172200   0.211004     10.813     0.001     0.377     0.000     0.000     1.000     0.033     0.001
  32.682573   0.211121     10.167     0.004     0.355     0.000     0.000     1.000     0.090     0.003
  33.192946   0.211222      4.484     0.002     0.157     0.000     0.000     1.000     0.051     0.002
  33.703320   0.211306    -10.643     0.001    -0.372     0.000    -0.000     1.000     0.031     0.001
  34.213693   0.211373    -15.953     0.001    -0.557     0.000    -0.000     1.000     0.025     0.001
  34.724067   0.211423    -24.041     0.001    -0.839     0.000    -0.000     1.000     0.035     0.001
  35.234440   0.211457    -36.088     0.002    -1.260     0.000    -0.000     1.000     0.043     0.001
  35.744814   0.211473    -33.630     0.001    -1.174     0.000    -0.000     1.000     0.029     0.001
  36.255187   0.211473    -42.181     0.000    -1.472     0.000    -0.000     1.000     0.009     0.000
  31.912741  -0.210655     -0.010     0.000    -0.000     0.000    -0.000     1.000     0.005     0.000
  32.423648  -0.210781      2.633     0.001     0.092     0.000     0.000     1.000     0.029     0.001
  32.934556  -0.210890     -5.528     0.001    -0.193     0.000    -0.000     1.000     0.026     0.001
  33.445463  -0.210982    -14.085     0.000    -0.492     0.000    -0.000     1.000     0.012     0.000
  33.956371  -0.211058    -20.057     0.000    -0.700     0.000    -0.000     1.000     0.008     0.000
  35.489093  -0.211184    -54.730     0.001    -1.910    -0.000    -0.000     1.000     0.019     0.001
  36.000000  -0.211192    -51.454     0.000    -1.796    -0.000    -0.000     1.000     0.004     0.000
